Vertex Count: 36

Data:

0.103553 0.103553 -0.853553 0.375 0.75 0.853553 -0.146447 -0.5
0.75 -0.25 0.353553 0.625 1 0.853553 -0.146447 -0.5
0.25 -0.75 -0.353553 0.375 1 0.853553 -0.146447 -0.5
0.603553 0.603553 -0.146447 0.625 0.75 0.853553 -0.146447 -0.5
0.75 -0.25 0.353553 0.625 1 0.853553 -0.146447 -0.5
0.103553 0.103553 -0.853553 0.375 0.75 0.853553 -0.146447 -0.5
-0.75 0.25 -0.353553 0.375 0.5 -0.146447 0.853553 -0.5
0.603553 0.603553 -0.146447 0.625 0.75 -0.146447 0.853553 -0.5
0.103553 0.103553 -0.853553 0.375 0.75 -0.146447 0.853553 -0.5
-0.25 0.75 0.353553 0.625 0.5 -0.146447 0.853553 -0.5
0.603553 0.603553 -0.146447 0.625 0.75 -0.146447 0.853553 -0.5
-0.75 0.25 -0.353553 0.375 0.5 -0.146447 0.853553 -0.5
-0.603553 -0.603553 0.146447 0.375 0.25 -0.853553 0.146447 0.5
-0.25 0.75 0.353553 0.625 0.5 -0.853553 0.146447 0.5
-0.75 0.25 -0.353553 0.375 0.5 -0.853553 0.146447 0.5
-0.103553 -0.103553 0.853553 0.625 0.25 -0.853553 0.146447 0.5
-0.25 0.75 0.353553 0.625 0.5 -0.853553 0.146447 0.5
-0.603553 -0.603553 0.146447 0.375 0.25 -0.853553 0.146447 0.5
0.25 -0.75 -0.353553 0.375 0 0.146447 -0.853553 0.5
-0.103553 -0.103553 0.853553 0.625 0.25 0.146447 -0.853553 0.5
-0.603553 -0.603553 0.146447 0.375 0.25 0.146447 -0.853553 0.5
0.75 -0.25 0.353553 0.625 0 0.146447 -0.853553 0.5
-0.103553 -0.103553 0.853553 0.625 0.25 0.146447 -0.853553 0.5
0.25 -0.75 -0.353553 0.375 0 0.146447 -0.853553 0.5
0.603553 0.603553 -0.146447 0.625 0.75 0.5 0.5 0.707107
-0.103553 -0.103553 0.853553 0.875 1 0.5 0.5 0.707107
0.75 -0.25 0.353553 0.625 1 0.5 0.5 0.707107
-0.25 0.75 0.353553 0.875 0.75 0.5 0.5 0.707107
-0.103553 -0.103553 0.853553 0.875 1 0.5 0.5 0.707107
0.603553 0.603553 -0.146447 0.625 0.75 0.5 0.5 0.707107
-0.75 0.25 -0.353553 0.125 0.75 -0.5 -0.5 -0.707107
0.25 -0.75 -0.353553 0.375 1 -0.5 -0.5 -0.707107
-0.603553 -0.603553 0.146447 0.125 1 -0.5 -0.5 -0.707107
0.103553 0.103553 -0.853553 0.375 0.75 -0.5 -0.5 -0.707107
0.25 -0.75 -0.353553 0.375 1 -0.5 -0.5 -0.707107
-0.75 0.25 -0.353553 0.125 0.75 -0.5 -0.5 -0.707107
