Vertex Count: 132

Data:

0.478553 0.478553 -0.323223 0.5 0.75 0.766809 0.212459 -0.605694
0.390165 0.640165 -0.021447 0.625 0.625 0.278899 0.95157 0.129349
0.640165 0.390165 -0.021447 0.625 0.875 0.933696 0.347201 0.087535
-0.375 0.625 0.176777 0.5 0.5 -0.845649 0.363969 0.39039
-0.213388 0.536612 0.478553 0.625 0.375 -0.372644 0.500187 0.781632
-0.089959 0.722541 0.259803 0.8125 0.75 0.200461 0.963949 0.17498
-0.228553 -0.228553 0.676777 0.5 0.25 -0.030645 -0.782844 0.621462
0.109835 -0.140165 0.728553 0.625 0.125 0.42004 -0.128176 0.898408
-0.131012 0.056488 0.759803 0.875 0.9375 -0.281509 0.406954 0.868988
-0.509803 -0.509803 0.279029 0.4375 0.25 -0.608947 -0.431825 0.665365
-0.640165 -0.390165 0.021447 0.375 0.375 -0.903977 -0.378201 -0.199475
-0.390165 -0.640165 0.021447 0.25 1 -0.480156 -0.684264 -0.548847
0.625 -0.375 0.176777 0.5 0 0.601188 -0.774231 0.197839
0.722541 -0.089959 0.259803 0.625 0.9375 0.957526 0.229754 0.174232
0.589959 -0.222541 0.447303 0.6875 1 0.290213 -0.724715 0.624952
0.722541 -0.089959 0.259803 0.625 0.9375 0.957526 0.229754 0.174232
0.109835 -0.140165 0.728553 0.75 1 0.42004 -0.128176 0.898408
0.589959 -0.222541 0.447303 0.6875 1 0.290213 -0.724715 0.624952
-0.131012 0.056488 0.759803 0.875 0.9375 -0.281509 0.406954 0.868988
-0.089959 0.722541 0.259803 0.8125 0.75 0.200461 0.963949 0.17498
-0.213388 0.536612 0.478553 0.875 0.875 -0.372644 0.500187 0.781632
0.390165 0.640165 -0.021447 0.75 0.75 0.278899 0.95157 0.129349
0.722541 -0.089959 0.259803 0.625 0.9375 0.957526 0.229754 0.174232
0.640165 0.390165 -0.021447 0.625 0.875 0.933696 0.347201 0.087535
-0.131012 0.056488 0.759803 0.875 0.9375 -0.281509 0.406954 0.868988
0.390165 0.640165 -0.021447 0.75 0.75 0.278899 0.95157 0.129349
-0.089959 0.722541 0.259803 0.8125 0.75 0.200461 0.963949 0.17498
0.722541 -0.089959 0.259803 0.625 0.9375 0.957526 0.229754 0.174232
-0.131012 0.056488 0.759803 0.875 0.9375 -0.281509 0.406954 0.868988
0.109835 -0.140165 0.728553 0.75 1 0.42004 -0.128176 0.898408
0.390165 0.640165 -0.021447 0.75 0.75 0.278899 0.95157 0.129349
-0.131012 0.056488 0.759803 0.875 0.9375 -0.281509 0.406954 0.868988
0.722541 -0.089959 0.259803 0.625 0.9375 0.957526 0.229754 0.174232
-0.65625 0.34375 -0.220971 0.4375 0.5 -0.379977 0.838736 -0.390052
-0.536612 0.213388 -0.478553 0.375 0.625 -0.433519 0.467662 -0.770295
-0.722541 0.089959 -0.259803 0.125 0.8125 -0.95529 -0.233015 -0.182004
-0.722541 0.089959 -0.259803 0.375 0.4375 -0.95529 -0.233015 -0.182004
-0.375 0.625 0.176777 0.5 0.5 -0.845649 0.363969 0.39039
-0.65625 0.34375 -0.220971 0.4375 0.5 -0.379977 0.838736 -0.390052
-0.131012 0.056488 0.759803 0.625 0.3125 -0.281509 0.406954 0.868988
-0.509803 -0.509803 0.279029 0.4375 0.25 -0.608947 -0.431825 0.665365
-0.228553 -0.228553 0.676777 0.5 0.25 -0.030645 -0.782844 0.621462
-0.509803 -0.509803 0.279029 0.4375 0.25 -0.608947 -0.431825 0.665365
-0.722541 0.089959 -0.259803 0.375 0.4375 -0.95529 -0.233015 -0.182004
-0.640165 -0.390165 0.021447 0.375 0.375 -0.903977 -0.378201 -0.199475
-0.375 0.625 0.176777 0.5 0.5 -0.845649 0.363969 0.39039
-0.131012 0.056488 0.759803 0.625 0.3125 -0.281509 0.406954 0.868988
-0.213388 0.536612 0.478553 0.625 0.375 -0.372644 0.500187 0.781632
-0.375 0.625 0.176777 0.5 0.5 -0.845649 0.363969 0.39039
-0.509803 -0.509803 0.279029 0.4375 0.25 -0.608947 -0.431825 0.665365
-0.131012 0.056488 0.759803 0.625 0.3125 -0.281509 0.406954 0.868988
-0.509803 -0.509803 0.279029 0.4375 0.25 -0.608947 -0.431825 0.665365
-0.375 0.625 0.176777 0.5 0.5 -0.845649 0.363969 0.39039
-0.722541 0.089959 -0.259803 0.375 0.4375 -0.95529 -0.233015 -0.182004
0.197303 0.197303 -0.720971 0.4375 0.75 0.469866 0.498039 -0.728823
0.140165 -0.109835 -0.728553 0.375 0.875 0.452029 -0.342408 -0.823667
-0.056488 0.131012 -0.759803 0.3125 0.75 -0.482842 -0.2902 -0.826225
-0.536612 0.213388 -0.478553 0.375 0.625 -0.433519 0.467662 -0.770295
0.197303 0.197303 -0.720971 0.4375 0.75 0.469866 0.498039 -0.728823
-0.056488 0.131012 -0.759803 0.375 0.6875 -0.482842 -0.2902 -0.826225
-0.089959 0.722541 0.259803 0.625 0.5625 0.200461 0.963949 0.17498
-0.65625 0.34375 -0.220971 0.4375 0.5 -0.379977 0.838736 -0.390052
-0.375 0.625 0.176777 0.5 0.5 -0.845649 0.363969 0.39039
0.197303 0.197303 -0.720971 0.4375 0.75 0.469866 0.498039 -0.728823
0.390165 0.640165 -0.021447 0.625 0.625 0.278899 0.95157 0.129349
0.478553 0.478553 -0.323223 0.5 0.75 0.766809 0.212459 -0.605694
0.390165 0.640165 -0.021447 0.625 0.625 0.278899 0.95157 0.129349
-0.65625 0.34375 -0.220971 0.4375 0.5 -0.379977 0.838736 -0.390052
-0.089959 0.722541 0.259803 0.625 0.5625 0.200461 0.963949 0.17498
-0.65625 0.34375 -0.220971 0.4375 0.5 -0.379977 0.838736 -0.390052
0.197303 0.197303 -0.720971 0.4375 0.75 0.469866 0.498039 -0.728823
-0.536612 0.213388 -0.478553 0.375 0.625 -0.433519 0.467662 -0.770295
-0.65625 0.34375 -0.220971 0.4375 0.5 -0.379977 0.838736 -0.390052
0.390165 0.640165 -0.021447 0.625 0.625 0.278899 0.95157 0.129349
0.197303 0.197303 -0.720971 0.4375 0.75 0.469866 0.498039 -0.728823
0.34375 -0.65625 -0.220971 0.4375 1 0.850143 -0.346089 -0.396837
0.089959 -0.722541 -0.259803 0.375 0.0625 0.041157 -0.957816 0.284419
0.222541 -0.589959 -0.447303 0.375 0.9375 -0.273456 -0.547018 -0.791197
0.625 -0.375 0.176777 0.5 0 0.601188 -0.774231 0.197839
0.089959 -0.722541 -0.259803 0.375 0.0625 0.041157 -0.957816 0.284419
0.34375 -0.65625 -0.220971 0.4375 0 0.850143 -0.346089 -0.396837
0.089959 -0.722541 -0.259803 0.375 0.0625 0.041157 -0.957816 0.284419
-0.509803 -0.509803 0.279029 0.4375 0.25 -0.608947 -0.431825 0.665365
-0.390165 -0.640165 0.021447 0.375 0.125 -0.480156 -0.684264 -0.548847
-0.228553 -0.228553 0.676777 0.5 0.25 -0.030645 -0.782844 0.621462
0.589959 -0.222541 0.447303 0.625 0.0625 0.290213 -0.724715 0.624952
0.109835 -0.140165 0.728553 0.625 0.125 0.42004 -0.128176 0.898408
0.089959 -0.722541 -0.259803 0.375 0.0625 0.041157 -0.957816 0.284419
-0.228553 -0.228553 0.676777 0.5 0.25 -0.030645 -0.782844 0.621462
-0.509803 -0.509803 0.279029 0.4375 0.25 -0.608947 -0.431825 0.665365
0.589959 -0.222541 0.447303 0.625 0.0625 0.290213 -0.724715 0.624952
0.089959 -0.722541 -0.259803 0.375 0.0625 0.041157 -0.957816 0.284419
0.625 -0.375 0.176777 0.5 0 0.601188 -0.774231 0.197839
0.089959 -0.722541 -0.259803 0.375 0.0625 0.041157 -0.957816 0.284419
0.589959 -0.222541 0.447303 0.625 0.0625 0.290213 -0.724715 0.624952
-0.228553 -0.228553 0.676777 0.5 0.25 -0.030645 -0.782844 0.621462
0.140165 -0.109835 -0.728553 0.375 0.875 0.452029 -0.342408 -0.823667
0.34375 -0.65625 -0.220971 0.4375 1 0.850143 -0.346089 -0.396837
0.222541 -0.589959 -0.447303 0.375 0.9375 -0.273456 -0.547018 -0.791197
0.34375 -0.65625 -0.220971 0.4375 1 0.850143 -0.346089 -0.396837
0.722541 -0.089959 0.259803 0.625 0.9375 0.957526 0.229754 0.174232
0.625 -0.375 0.176777 0.5 1 0.601188 -0.774231 0.197839
0.722541 -0.089959 0.259803 0.625 0.9375 0.957526 0.229754 0.174232
0.478553 0.478553 -0.323223 0.5 0.75 0.766809 0.212459 -0.605694
0.640165 0.390165 -0.021447 0.625 0.875 0.933696 0.347201 0.087535
0.722541 -0.089959 0.259803 0.625 0.9375 0.957526 0.229754 0.174232
0.197303 0.197303 -0.720971 0.4375 0.75 0.469866 0.498039 -0.728823
0.478553 0.478553 -0.323223 0.5 0.75 0.766809 0.212459 -0.605694
0.197303 0.197303 -0.720971 0.4375 0.75 0.469866 0.498039 -0.728823
0.34375 -0.65625 -0.220971 0.4375 1 0.850143 -0.346089 -0.396837
0.140165 -0.109835 -0.728553 0.375 0.875 0.452029 -0.342408 -0.823667
0.197303 0.197303 -0.720971 0.4375 0.75 0.469866 0.498039 -0.728823
0.722541 -0.089959 0.259803 0.625 0.9375 0.957526 0.229754 0.174232
0.34375 -0.65625 -0.220971 0.4375 1 0.850143 -0.346089 -0.396837
-0.390165 -0.640165 0.021447 0.25 1 -0.480156 -0.684264 -0.548847
0.222541 -0.589959 -0.447303 0.375 0.9375 -0.273456 -0.547018 -0.791197
0.089959 -0.722541 -0.259803 0.3125 1 0.041157 -0.957816 0.284419
0.222541 -0.589959 -0.447303 0.375 0.9375 -0.273456 -0.547018 -0.791197
-0.056488 0.131012 -0.759803 0.3125 0.75 -0.482842 -0.2902 -0.826225
0.140165 -0.109835 -0.728553 0.375 0.875 0.452029 -0.342408 -0.823667
-0.056488 0.131012 -0.759803 0.3125 0.75 -0.482842 -0.2902 -0.826225
-0.722541 0.089959 -0.259803 0.125 0.8125 -0.95529 -0.233015 -0.182004
-0.536612 0.213388 -0.478553 0.25 0.75 -0.433519 0.467662 -0.770295
-0.722541 0.089959 -0.259803 0.125 0.8125 -0.95529 -0.233015 -0.182004
-0.390165 -0.640165 0.021447 0.25 1 -0.480156 -0.684264 -0.548847
-0.640165 -0.390165 0.021447 0.125 0.875 -0.903977 -0.378201 -0.199475
-0.056488 0.131012 -0.759803 0.3125 0.75 -0.482842 -0.2902 -0.826225
-0.390165 -0.640165 0.021447 0.25 1 -0.480156 -0.684264 -0.548847
-0.722541 0.089959 -0.259803 0.125 0.8125 -0.95529 -0.233015 -0.182004
-0.056488 0.131012 -0.759803 0.3125 0.75 -0.482842 -0.2902 -0.826225
0.222541 -0.589959 -0.447303 0.375 0.9375 -0.273456 -0.547018 -0.791197
-0.390165 -0.640165 0.021447 0.25 1 -0.480156 -0.684264 -0.548847
