Vertex Count: 240

Data:

0.411904 0.916224 0.490785 0.375 0.31156 0.520158 0.478724 0.70729
0.34765 0.040074 1.06185 0.3875 0.6875 0.239397 0.477574 0.845348
0.62841 0.041224 0.923798 0.375 0.6875 0.520158 0.478724 0.70729
0.131144 0.915074 0.628842 0.3875 0.31156 0.239397 0.477574 0.845348
0.34765 0.040074 1.06185 0.3875 0.6875 0.239397 0.477574 0.845348
0.411904 0.916224 0.490785 0.375 0.31156 0.520158 0.478724 0.70729
0.131144 0.915074 0.628842 0.3875 0.31156 0.239397 0.477574 0.845348
0.043456 -0.007824 1.11716 0.4 0.6875 -0.064797 0.429676 0.900655
0.34765 0.040074 1.06185 0.3875 0.6875 0.239397 0.477574 0.845348
-0.17305 0.867176 0.68415 0.4 0.31156 -0.064797 0.429676 0.900655
0.043456 -0.007824 1.11716 0.4 0.6875 -0.064797 0.429676 0.900655
0.131144 0.915074 0.628842 0.3875 0.31156 0.239397 0.477574 0.845348
-0.17305 0.867176 0.68415 0.4 0.31156 -0.064797 0.429676 0.900655
-0.254395 -0.097782 1.08431 0.4125 0.6875 -0.362648 0.339718 0.867801
0.043456 -0.007824 1.11716 0.4 0.6875 -0.064797 0.429676 0.900655
-0.470901 0.777218 0.651295 0.4125 0.31156 -0.362648 0.339718 0.867801
-0.254395 -0.097782 1.08431 0.4125 0.6875 -0.362648 0.339718 0.867801
-0.17305 0.867176 0.68415 0.4 0.31156 -0.064797 0.429676 0.900655
-0.470901 0.777218 0.651295 0.4125 0.31156 -0.362648 0.339718 0.867801
-0.516747 -0.220994 0.966507 0.425 0.6875 -0.625 0.216506 0.75
-0.254395 -0.097782 1.08431 0.4125 0.6875 -0.362648 0.339718 0.867801
-0.733253 0.654006 0.533494 0.425 0.31156 -0.625 0.216506 0.75
-0.516747 -0.220994 0.966507 0.425 0.6875 -0.625 0.216506 0.75
-0.470901 0.777218 0.651295 0.4125 0.31156 -0.362648 0.339718 0.867801
-0.733253 0.654006 0.533494 0.425 0.31156 -0.625 0.216506 0.75
-0.71792 -0.365398 0.77529 0.4375 0.6875 -0.826173 0.072101 0.558784
-0.516747 -0.220994 0.966507 0.425 0.6875 -0.625 0.216506 0.75
-0.934427 0.509602 0.342278 0.4375 0.31156 -0.826173 0.072101 0.558784
-0.71792 -0.365398 0.77529 0.4375 0.6875 -0.826173 0.072101 0.558784
-0.733253 0.654006 0.533494 0.425 0.31156 -0.625 0.216506 0.75
-0.934427 0.509602 0.342278 0.4375 0.31156 -0.826173 0.072101 0.558784
-0.838222 -0.516861 0.529377 0.45 0.6875 -0.946475 -0.079361 0.31287
-0.71792 -0.365398 0.77529 0.4375 0.6875 -0.826173 0.072101 0.558784
-1.05473 0.358139 0.096364 0.45 0.31156 -0.946475 -0.079361 0.31287
-0.838222 -0.516861 0.529377 0.45 0.6875 -0.946475 -0.079361 0.31287
-0.934427 0.509602 0.342278 0.4375 0.31156 -0.826173 0.072101 0.558784
-1.05473 0.358139 0.096364 0.45 0.31156 -0.946475 -0.079361 0.31287
-0.865876 -0.660555 0.252837 0.4625 0.6875 -0.974129 -0.223056 0.03633
-0.838222 -0.516861 0.529377 0.45 0.6875 -0.946475 -0.079361 0.31287
-1.08238 0.214445 -0.180176 0.4625 0.31156 -0.974129 -0.223055 0.03633
-0.865876 -0.660555 0.252837 0.4625 0.6875 -0.974129 -0.223056 0.03633
-1.05473 0.358139 0.096364 0.45 0.31156 -0.946475 -0.079361 0.31287
-1.08238 0.214445 -0.180176 0.4625 0.31156 -0.974129 -0.223055 0.03633
-0.798175 -0.782416 -0.027259 0.475 0.6875 -0.906428 -0.344915 -0.243766
-0.865876 -0.660555 0.252837 0.4625 0.6875 -0.974129 -0.223056 0.03633
-1.01468 0.092584 -0.460272 0.475 0.31156 -0.906428 -0.344915 -0.243766
-0.798175 -0.782416 -0.027259 0.475 0.6875 -0.906428 -0.344915 -0.243766
-1.08238 0.214445 -0.180176 0.4625 0.31156 -0.974129 -0.223055 0.03633
-1.01468 0.092584 -0.460272 0.475 0.31156 -0.906428 -0.344915 -0.243766
-0.641747 -0.870513 -0.283494 0.4875 0.6875 -0.75 -0.433013 -0.5
-0.798175 -0.782416 -0.027259 0.475 0.6875 -0.906428 -0.344915 -0.243766
-0.858253 0.004487 -0.716506 0.4875 0.31156 -0.75 -0.433013 -0.5
-0.641747 -0.870513 -0.283494 0.4875 0.6875 -0.75 -0.433013 -0.5
-1.01468 0.092584 -0.460272 0.475 0.31156 -0.906428 -0.344915 -0.243766
-0.858253 0.004487 -0.716506 0.4875 0.31156 -0.75 -0.433013 -0.5
-0.411904 -0.916224 -0.490785 0.5 0.6875 -0.520157 -0.478724 -0.707291
-0.641747 -0.870513 -0.283494 0.4875 0.6875 -0.75 -0.433013 -0.5
-0.62841 -0.041224 -0.923798 0.5 0.31156 -0.520157 -0.478724 -0.707291
-0.411904 -0.916224 -0.490785 0.5 0.6875 -0.520157 -0.478724 -0.707291
-0.858253 0.004487 -0.716506 0.4875 0.31156 -0.75 -0.433013 -0.5
-0.62841 -0.041224 -0.923798 0.5 0.31156 -0.520157 -0.478724 -0.707291
-0.131144 -0.915074 -0.628841 0.5125 0.6875 -0.239397 -0.477574 -0.845348
-0.411904 -0.916224 -0.490785 0.5 0.6875 -0.520157 -0.478724 -0.707291
-0.34765 -0.040074 -1.06185 0.5125 0.31156 -0.239397 -0.477574 -0.845347
-0.131144 -0.915074 -0.628841 0.5125 0.6875 -0.239397 -0.477574 -0.845348
-0.62841 -0.041224 -0.923798 0.5 0.31156 -0.520157 -0.478724 -0.707291
-0.34765 -0.040074 -1.06185 0.5125 0.31156 -0.239397 -0.477574 -0.845347
0.17305 -0.867176 -0.684149 0.525 0.6875 0.064797 -0.429676 -0.900655
-0.131144 -0.915074 -0.628841 0.5125 0.6875 -0.239397 -0.477574 -0.845348
-0.043456 0.007824 -1.11716 0.525 0.31156 0.064797 -0.429676 -0.900655
0.17305 -0.867176 -0.684149 0.525 0.6875 0.064797 -0.429676 -0.900655
-0.34765 -0.040074 -1.06185 0.5125 0.31156 -0.239397 -0.477574 -0.845347
-0.043456 0.007824 -1.11716 0.525 0.31156 0.064797 -0.429676 -0.900655
0.470901 -0.777218 -0.651295 0.5375 0.6875 0.362648 -0.339718 -0.867801
0.17305 -0.867176 -0.684149 0.525 0.6875 0.064797 -0.429676 -0.900655
0.254394 0.097782 -1.08431 0.5375 0.31156 0.362648 -0.339718 -0.867801
0.470901 -0.777218 -0.651295 0.5375 0.6875 0.362648 -0.339718 -0.867801
-0.043456 0.007824 -1.11716 0.525 0.31156 0.064797 -0.429676 -0.900655
0.254394 0.097782 -1.08431 0.5375 0.31156 0.362648 -0.339718 -0.867801
0.733253 -0.654006 -0.533494 0.55 0.6875 0.625 -0.216506 -0.75
0.470901 -0.777218 -0.651295 0.5375 0.6875 0.362648 -0.339718 -0.867801
0.516747 0.220994 -0.966506 0.55 0.31156 0.625 -0.216506 -0.75
0.733253 -0.654006 -0.533494 0.55 0.6875 0.625 -0.216506 -0.75
0.254394 0.097782 -1.08431 0.5375 0.31156 0.362648 -0.339718 -0.867801
0.516747 0.220994 -0.966506 0.55 0.31156 0.625 -0.216506 -0.75
0.934426 -0.509602 -0.342278 0.5625 0.6875 0.826173 -0.072101 -0.558784
0.733253 -0.654006 -0.533494 0.55 0.6875 0.625 -0.216506 -0.75
0.71792 0.365398 -0.77529 0.5625 0.31156 0.826173 -0.072101 -0.558784
0.934426 -0.509602 -0.342278 0.5625 0.6875 0.826173 -0.072101 -0.558784
0.516747 0.220994 -0.966506 0.55 0.31156 0.625 -0.216506 -0.75
0.71792 0.365398 -0.77529 0.5625 0.31156 0.826173 -0.072101 -0.558784
1.05473 -0.358139 -0.096364 0.575 0.6875 0.946475 0.079361 -0.31287
0.934426 -0.509602 -0.342278 0.5625 0.6875 0.826173 -0.072101 -0.558784
0.838221 0.516861 -0.529377 0.575 0.31156 0.946475 0.079361 -0.31287
1.05473 -0.358139 -0.096364 0.575 0.6875 0.946475 0.079361 -0.31287
0.71792 0.365398 -0.77529 0.5625 0.31156 0.826173 -0.072101 -0.558784
0.838221 0.516861 -0.529377 0.575 0.31156 0.946475 0.079361 -0.31287
1.08238 -0.214445 0.180176 0.5875 0.6875 0.974129 0.223055 -0.03633
1.05473 -0.358139 -0.096364 0.575 0.6875 0.946475 0.079361 -0.31287
0.865875 0.660555 -0.252837 0.5875 0.31156 0.974129 0.223055 -0.03633
1.08238 -0.214445 0.180176 0.5875 0.6875 0.974129 0.223055 -0.03633
0.838221 0.516861 -0.529377 0.575 0.31156 0.946475 0.079361 -0.31287
0.865875 0.660555 -0.252837 0.5875 0.31156 0.974129 0.223055 -0.03633
1.01468 -0.092585 0.460272 0.6 0.6875 0.906428 0.344915 0.243766
1.08238 -0.214445 0.180176 0.5875 0.6875 0.974129 0.223055 -0.03633
0.798175 0.782415 0.027259 0.6 0.31156 0.906428 0.344915 0.243766
1.01468 -0.092585 0.460272 0.6 0.6875 0.906428 0.344915 0.243766
0.865875 0.660555 -0.252837 0.5875 0.31156 0.974129 0.223055 -0.03633
0.798175 0.782415 0.027259 0.6 0.31156 0.906428 0.344915 0.243766
0.858253 -0.004487 0.716506 0.6125 0.6875 0.750001 0.433012 0.499999
1.01468 -0.092585 0.460272 0.6 0.6875 0.906428 0.344915 0.243766
0.641747 0.870513 0.283494 0.6125 0.31156 0.750001 0.433012 0.499999
0.858253 -0.004487 0.716506 0.6125 0.6875 0.750001 0.433012 0.499999
0.798175 0.782415 0.027259 0.6 0.31156 0.906428 0.344915 0.243766
0.641747 0.870513 0.283494 0.6125 0.31156 0.750001 0.433012 0.499999
0.62841 0.041224 0.923798 0.625 0.6875 0.520158 0.478724 0.70729
0.858253 -0.004487 0.716506 0.6125 0.6875 0.750001 0.433012 0.499999
0.411904 0.916224 0.490785 0.625 0.31156 0.520158 0.478724 0.70729
0.62841 0.041224 0.923798 0.625 0.6875 0.520158 0.478724 0.70729
0.641747 0.870513 0.283494 0.6125 0.31156 0.750001 0.433012 0.499999
0.108253 -0.4375 0.216506 0.5 0.85 0.216506 -0.875 0.433013
0.62841 0.041224 0.923798 0.648603 0.892034 0.216506 -0.875 0.433013
0.34765 0.040074 1.06185 0.626409 0.935592 0.216506 -0.875 0.433013
0.108253 -0.4375 0.216506 0.5 0.85 0.216506 -0.875 0.433013
0.34765 0.040074 1.06185 0.626409 0.935592 0.216506 -0.875 0.433013
0.043456 -0.007824 1.11716 0.591842 0.970159 0.216506 -0.875 0.433013
0.108253 -0.4375 0.216506 0.5 0.85 0.216506 -0.875 0.433013
0.043456 -0.007824 1.11716 0.591842 0.970159 0.216506 -0.875 0.433013
-0.254395 -0.097782 1.08431 0.548284 0.992353 0.216506 -0.875 0.433013
0.108253 -0.4375 0.216506 0.5 0.85 0.216506 -0.875 0.433013
-0.254395 -0.097782 1.08431 0.548284 0.992353 0.216506 -0.875 0.433013
-0.516747 -0.220994 0.966507 0.5 1 0.216506 -0.875 0.433013
0.108253 -0.4375 0.216506 0.5 0.85 0.216506 -0.875 0.433013
-0.516747 -0.220994 0.966507 0.5 1 0.216506 -0.875 0.433013
-0.71792 -0.365398 0.77529 0.451716 0.992353 0.216506 -0.875 0.433013
0.108253 -0.4375 0.216506 0.5 0.85 0.216506 -0.875 0.433013
-0.71792 -0.365398 0.77529 0.451716 0.992353 0.216506 -0.875 0.433013
-0.838222 -0.516861 0.529377 0.408159 0.970159 0.216506 -0.875 0.433013
0.108253 -0.4375 0.216506 0.5 0.85 0.216506 -0.875 0.433013
-0.838222 -0.516861 0.529377 0.408159 0.970159 0.216506 -0.875 0.433013
-0.865876 -0.660555 0.252837 0.373591 0.935591 0.216506 -0.875 0.433013
0.108253 -0.4375 0.216506 0.5 0.85 0.216506 -0.875 0.433013
-0.865876 -0.660555 0.252837 0.373591 0.935591 0.216506 -0.875 0.433013
-0.798175 -0.782416 -0.027259 0.351397 0.892034 0.216506 -0.875 0.433013
0.108253 -0.4375 0.216506 0.5 0.85 0.216506 -0.875 0.433013
-0.798175 -0.782416 -0.027259 0.351397 0.892034 0.216506 -0.875 0.433013
-0.641747 -0.870513 -0.283494 0.34375 0.84375 0.216506 -0.875 0.433013
0.108253 -0.4375 0.216506 0.5 0.85 0.216506 -0.875 0.433013
-0.641747 -0.870513 -0.283494 0.34375 0.84375 0.216506 -0.875 0.433013
-0.411904 -0.916224 -0.490785 0.351397 0.795466 0.216506 -0.875 0.433013
0.108253 -0.4375 0.216506 0.5 0.85 0.216506 -0.875 0.433013
-0.411904 -0.916224 -0.490785 0.351397 0.795466 0.216506 -0.875 0.433013
-0.131144 -0.915074 -0.628841 0.373591 0.751909 0.216506 -0.875 0.433013
0.108253 -0.4375 0.216506 0.5 0.85 0.216506 -0.875 0.433013
-0.131144 -0.915074 -0.628841 0.373591 0.751909 0.216506 -0.875 0.433013
0.17305 -0.867176 -0.684149 0.408159 0.717341 0.216506 -0.875 0.433013
0.108253 -0.4375 0.216506 0.5 0.85 0.216506 -0.875 0.433013
0.17305 -0.867176 -0.684149 0.408159 0.717341 0.216506 -0.875 0.433013
0.470901 -0.777218 -0.651295 0.451716 0.695147 0.216506 -0.875 0.433013
0.108253 -0.4375 0.216506 0.5 0.85 0.216506 -0.875 0.433013
0.470901 -0.777218 -0.651295 0.451716 0.695147 0.216506 -0.875 0.433013
0.733253 -0.654006 -0.533494 0.5 0.6875 0.216506 -0.875 0.433013
0.108253 -0.4375 0.216506 0.5 0.85 0.216506 -0.875 0.433013
0.733253 -0.654006 -0.533494 0.5 0.6875 0.216506 -0.875 0.433013
0.934426 -0.509602 -0.342278 0.548284 0.695147 0.216506 -0.875 0.433013
0.108253 -0.4375 0.216506 0.5 0.85 0.216506 -0.875 0.433013
0.934426 -0.509602 -0.342278 0.548284 0.695147 0.216506 -0.875 0.433013
1.05473 -0.358139 -0.096364 0.591841 0.717341 0.216506 -0.875 0.433013
0.108253 -0.4375 0.216506 0.5 0.85 0.216506 -0.875 0.433013
1.05473 -0.358139 -0.096364 0.591841 0.717341 0.216506 -0.875 0.433013
1.08238 -0.214445 0.180176 0.626409 0.751909 0.216506 -0.875 0.433013
0.108253 -0.4375 0.216506 0.5 0.85 0.216506 -0.875 0.433013
1.08238 -0.214445 0.180176 0.626409 0.751909 0.216506 -0.875 0.433013
1.01468 -0.092585 0.460272 0.648603 0.795466 0.216506 -0.875 0.433013
0.108253 -0.4375 0.216506 0.5 0.85 0.216506 -0.875 0.433013
1.01468 -0.092585 0.460272 0.648603 0.795466 0.216506 -0.875 0.433013
0.858253 -0.004487 0.716506 0.65625 0.84375 0.216506 -0.875 0.433013
0.108253 -0.4375 0.216506 0.5 0.85 0.216506 -0.875 0.433013
0.858253 -0.004487 0.716506 0.65625 0.84375 0.216506 -0.875 0.433013
0.62841 0.041224 0.923798 0.648603 0.892034 0.216506 -0.875 0.433013
-0.108253 0.4375 -0.216506 0.5 0.1625 -0.216506 0.875 -0.433013
0.131144 0.915074 0.628842 0.626409 0.064409 -0.216506 0.875 -0.433013
0.411904 0.916224 0.490785 0.648603 0.107966 -0.216506 0.875 -0.433013
-0.108253 0.4375 -0.216506 0.5 0.1625 -0.216506 0.875 -0.433013
-0.17305 0.867176 0.68415 0.591841 0.029841 -0.216506 0.875 -0.433013
0.131144 0.915074 0.628842 0.626409 0.064409 -0.216506 0.875 -0.433013
-0.108253 0.4375 -0.216506 0.5 0.1625 -0.216506 0.875 -0.433013
-0.470901 0.777218 0.651295 0.548284 0.00764698 -0.216506 0.875 -0.433013
-0.17305 0.867176 0.68415 0.591841 0.029841 -0.216506 0.875 -0.433013
-0.108253 0.4375 -0.216506 0.5 0.1625 -0.216506 0.875 -0.433013
-0.733253 0.654006 0.533494 0.5 0 -0.216506 0.875 -0.433013
-0.470901 0.777218 0.651295 0.548284 0.00764698 -0.216506 0.875 -0.433013
-0.108253 0.4375 -0.216506 0.5 0.1625 -0.216506 0.875 -0.433013
-0.934427 0.509602 0.342278 0.451716 0.00764698 -0.216506 0.875 -0.433013
-0.733253 0.654006 0.533494 0.5 0 -0.216506 0.875 -0.433013
-0.108253 0.4375 -0.216506 0.5 0.1625 -0.216506 0.875 -0.433013
-1.05473 0.358139 0.096364 0.408159 0.029841 -0.216506 0.875 -0.433013
-0.934427 0.509602 0.342278 0.451716 0.00764698 -0.216506 0.875 -0.433013
-0.108253 0.4375 -0.216506 0.5 0.1625 -0.216506 0.875 -0.433013
-1.08238 0.214445 -0.180176 0.373591 0.064409 -0.216506 0.875 -0.433013
-1.05473 0.358139 0.096364 0.408159 0.029841 -0.216506 0.875 -0.433013
-0.108253 0.4375 -0.216506 0.5 0.1625 -0.216506 0.875 -0.433013
-1.01468 0.092584 -0.460272 0.351397 0.107966 -0.216506 0.875 -0.433013
-1.08238 0.214445 -0.180176 0.373591 0.064409 -0.216506 0.875 -0.433013
-0.108253 0.4375 -0.216506 0.5 0.1625 -0.216506 0.875 -0.433013
-0.858253 0.004487 -0.716506 0.34375 0.15625 -0.216506 0.875 -0.433013
-1.01468 0.092584 -0.460272 0.351397 0.107966 -0.216506 0.875 -0.433013
-0.108253 0.4375 -0.216506 0.5 0.1625 -0.216506 0.875 -0.433013
-0.62841 -0.041224 -0.923798 0.351397 0.204534 -0.216506 0.875 -0.433013
-0.858253 0.004487 -0.716506 0.34375 0.15625 -0.216506 0.875 -0.433013
-0.108253 0.4375 -0.216506 0.5 0.1625 -0.216506 0.875 -0.433013
-0.34765 -0.040074 -1.06185 0.373591 0.248091 -0.216506 0.875 -0.433013
-0.62841 -0.041224 -0.923798 0.351397 0.204534 -0.216506 0.875 -0.433013
-0.108253 0.4375 -0.216506 0.5 0.1625 -0.216506 0.875 -0.433013
-0.043456 0.007824 -1.11716 0.408159 0.282659 -0.216506 0.875 -0.433013
-0.34765 -0.040074 -1.06185 0.373591 0.248091 -0.216506 0.875 -0.433013
-0.108253 0.4375 -0.216506 0.5 0.1625 -0.216506 0.875 -0.433013
0.254394 0.097782 -1.08431 0.451716 0.304853 -0.216506 0.875 -0.433013
-0.043456 0.007824 -1.11716 0.408159 0.282659 -0.216506 0.875 -0.433013
-0.108253 0.4375 -0.216506 0.5 0.1625 -0.216506 0.875 -0.433013
0.516747 0.220994 -0.966506 0.5 0.3125 -0.216506 0.875 -0.433013
0.254394 0.097782 -1.08431 0.451716 0.304853 -0.216506 0.875 -0.433013
-0.108253 0.4375 -0.216506 0.5 0.1625 -0.216506 0.875 -0.433013
0.71792 0.365398 -0.77529 0.548284 0.304853 -0.216506 0.875 -0.433013
0.516747 0.220994 -0.966506 0.5 0.3125 -0.216506 0.875 -0.433013
-0.108253 0.4375 -0.216506 0.5 0.1625 -0.216506 0.875 -0.433013
0.838221 0.516861 -0.529377 0.591842 0.282659 -0.216506 0.875 -0.433013
0.71792 0.365398 -0.77529 0.548284 0.304853 -0.216506 0.875 -0.433013
-0.108253 0.4375 -0.216506 0.5 0.1625 -0.216506 0.875 -0.433013
0.865875 0.660555 -0.252837 0.626409 0.248092 -0.216506 0.875 -0.433013
0.838221 0.516861 -0.529377 0.591842 0.282659 -0.216506 0.875 -0.433013
-0.108253 0.4375 -0.216506 0.5 0.1625 -0.216506 0.875 -0.433013
0.798175 0.782415 0.027259 0.648603 0.204534 -0.216506 0.875 -0.433013
0.865875 0.660555 -0.252837 0.626409 0.248092 -0.216506 0.875 -0.433013
-0.108253 0.4375 -0.216506 0.5 0.1625 -0.216506 0.875 -0.433013
0.641747 0.870513 0.283494 0.65625 0.15625 -0.216506 0.875 -0.433013
0.798175 0.782415 0.027259 0.648603 0.204534 -0.216506 0.875 -0.433013
-0.108253 0.4375 -0.216506 0.5 0.1625 -0.216506 0.875 -0.433013
0.411904 0.916224 0.490785 0.648603 0.107966 -0.216506 0.875 -0.433013
0.641747 0.870513 0.283494 0.65625 0.15625 -0.216506 0.875 -0.433013
