Vertex Count: 600

Data:

0.192842 0.184027 0.630054 0.584273 0.904978 0.216506 -0.875 0.433013
-0.087638 -0.021116 0.355756 0.516095 0.893284 0.216506 -0.875 0.433013
0.113043 0.024836 0.348271 0.542136 0.874364 0.216506 -0.875 0.433013
-0.208521 0.092123 0.645023 0.532189 0.942818 0.216506 -0.875 0.433013
-0.087638 -0.021116 0.355756 0.516095 0.893284 0.216506 -0.875 0.433013
0.192842 0.184027 0.630054 0.584273 0.904978 0.216506 -0.875 0.433013
-0.208521 0.092123 0.645023 0.532189 0.942818 0.216506 -0.875 0.433013
-0.242147 -0.110322 0.25275 0.483905 0.893284 0.216506 -0.875 0.433013
-0.087638 -0.021116 0.355756 0.516095 0.893284 0.216506 -0.875 0.433013
-0.517538 -0.086288 0.439011 0.467811 0.942818 0.216506 -0.875 0.433013
-0.242147 -0.110322 0.25275 0.483905 0.893284 0.216506 -0.875 0.433013
-0.208521 0.092123 0.645023 0.532189 0.942818 0.216506 -0.875 0.433013
-0.517538 -0.086288 0.439011 0.467811 0.942818 0.216506 -0.875 0.433013
-0.291465 -0.208707 0.078599 0.457864 0.874364 0.216506 -0.875 0.433013
-0.242147 -0.110322 0.25275 0.483905 0.893284 0.216506 -0.875 0.433013
-0.616175 -0.283059 0.090709 0.415727 0.904978 0.216506 -0.875 0.433013
-0.291465 -0.208707 0.078599 0.457864 0.874364 0.216506 -0.875 0.433013
-0.517538 -0.086288 0.439011 0.467811 0.942818 0.216506 -0.875 0.433013
-0.616175 -0.283059 0.090709 0.415727 0.904978 0.216506 -0.875 0.433013
-0.216756 -0.278693 -0.100178 0.447917 0.84375 0.216506 -0.875 0.433013
-0.291465 -0.208707 0.078599 0.457864 0.874364 0.216506 -0.875 0.433013
-0.466756 -0.423031 -0.266845 0.395833 0.84375 0.216506 -0.875 0.433013
-0.216756 -0.278693 -0.100178 0.447917 0.84375 0.216506 -0.875 0.433013
-0.616175 -0.283059 0.090709 0.415727 0.904978 0.216506 -0.875 0.433013
-0.466756 -0.423031 -0.266845 0.395833 0.84375 0.216506 -0.875 0.433013
-0.046555 -0.293547 -0.215294 0.457864 0.813136 0.216506 -0.875 0.433013
-0.216756 -0.278693 -0.100178 0.447917 0.84375 0.216506 -0.875 0.433013
-0.126354 -0.452738 -0.497076 0.415727 0.782522 0.216506 -0.875 0.433013
-0.046555 -0.293547 -0.215294 0.457864 0.813136 0.216506 -0.875 0.433013
-0.466756 -0.423031 -0.266845 0.395833 0.84375 0.216506 -0.875 0.433013
-0.126354 -0.452738 -0.497076 0.415727 0.782522 0.216506 -0.875 0.433013
0.154127 -0.247595 -0.222778 0.483905 0.794216 0.216506 -0.875 0.433013
-0.046555 -0.293547 -0.215294 0.457864 0.813136 0.216506 -0.875 0.433013
0.275009 -0.360834 -0.512045 0.467811 0.744682 0.216506 -0.875 0.433013
0.154127 -0.247595 -0.222778 0.483905 0.794216 0.216506 -0.875 0.433013
-0.126354 -0.452738 -0.497076 0.415727 0.782522 0.216506 -0.875 0.433013
0.275009 -0.360834 -0.512045 0.467811 0.744682 0.216506 -0.875 0.433013
0.308635 -0.158389 -0.119773 0.516095 0.794216 0.216506 -0.875 0.433013
0.154127 -0.247595 -0.222778 0.483905 0.794216 0.216506 -0.875 0.433013
0.584027 -0.182423 -0.306034 0.532189 0.744682 0.216506 -0.875 0.433013
0.308635 -0.158389 -0.119773 0.516095 0.794216 0.216506 -0.875 0.433013
0.275009 -0.360834 -0.512045 0.467811 0.744682 0.216506 -0.875 0.433013
0.584027 -0.182423 -0.306034 0.532189 0.744682 0.216506 -0.875 0.433013
0.357954 -0.060004 0.054379 0.542136 0.813136 0.216506 -0.875 0.433013
0.308635 -0.158389 -0.119773 0.516095 0.794216 0.216506 -0.875 0.433013
0.682663 0.014348 0.042268 0.584273 0.782522 0.216506 -0.875 0.433013
0.357954 -0.060004 0.054379 0.542136 0.813136 0.216506 -0.875 0.433013
0.584027 -0.182423 -0.306034 0.532189 0.744682 0.216506 -0.875 0.433013
0.682663 0.014348 0.042268 0.584273 0.782522 0.216506 -0.875 0.433013
0.283244 0.009982 0.233155 0.552083 0.84375 0.216506 -0.875 0.433013
0.357954 -0.060004 0.054379 0.542136 0.813136 0.216506 -0.875 0.433013
0.533244 0.15432 0.399822 0.604167 0.84375 0.216506 -0.875 0.433013
0.283244 0.009982 0.233155 0.552083 0.84375 0.216506 -0.875 0.433013
0.682663 0.014348 0.042268 0.584273 0.782522 0.216506 -0.875 0.433013
0.533244 0.15432 0.399822 0.604167 0.84375 0.216506 -0.875 0.433013
0.113043 0.024836 0.348271 0.542136 0.874364 0.216506 -0.875 0.433013
0.283244 0.009982 0.233155 0.552083 0.84375 0.216506 -0.875 0.433013
0.192842 0.184027 0.630054 0.584273 0.904978 0.216506 -0.875 0.433013
0.113043 0.024836 0.348271 0.542136 0.874364 0.216506 -0.875 0.433013
0.533244 0.15432 0.399822 0.604167 0.84375 0.216506 -0.875 0.433013
0.34765 0.040074 1.06185 0.626409 0.935591 0.216506 -0.875 0.433013
-0.133512 -0.211021 0.79504 0.532189 0.942818 0.216506 -0.875 0.433013
0.267851 -0.119117 0.780071 0.584273 0.904978 0.216506 -0.875 0.433013
-0.254395 -0.097782 1.08431 0.548284 0.992353 0.216506 -0.875 0.433013
-0.133512 -0.211021 0.79504 0.532189 0.942818 0.216506 -0.875 0.433013
0.34765 0.040074 1.06185 0.626409 0.935591 0.216506 -0.875 0.433013
-0.254395 -0.097782 1.08431 0.548284 0.992353 0.216506 -0.875 0.433013
-0.442529 -0.389432 0.589029 0.467811 0.942818 0.216506 -0.875 0.433013
-0.133512 -0.211021 0.79504 0.532189 0.942818 0.216506 -0.875 0.433013
-0.71792 -0.365399 0.77529 0.451716 0.992353 0.216506 -0.875 0.433013
-0.442529 -0.389432 0.589029 0.467811 0.942818 0.216506 -0.875 0.433013
-0.254395 -0.097782 1.08431 0.548284 0.992353 0.216506 -0.875 0.433013
-0.71792 -0.365399 0.77529 0.451716 0.992353 0.216506 -0.875 0.433013
-0.541166 -0.586204 0.240727 0.415727 0.904978 0.216506 -0.875 0.433013
-0.442529 -0.389432 0.589029 0.467811 0.942818 0.216506 -0.875 0.433013
-0.865875 -0.660556 0.252837 0.373591 0.935591 0.216506 -0.875 0.433013
-0.541166 -0.586204 0.240727 0.415727 0.904978 0.216506 -0.875 0.433013
-0.71792 -0.365399 0.77529 0.451716 0.992353 0.216506 -0.875 0.433013
-0.865875 -0.660556 0.252837 0.373591 0.935591 0.216506 -0.875 0.433013
-0.391747 -0.726175 -0.116827 0.395833 0.84375 0.216506 -0.875 0.433013
-0.541166 -0.586204 0.240727 0.415727 0.904978 0.216506 -0.875 0.433013
-0.641747 -0.870513 -0.283494 0.34375 0.84375 0.216506 -0.875 0.433013
-0.391747 -0.726175 -0.116827 0.395833 0.84375 0.216506 -0.875 0.433013
-0.865875 -0.660556 0.252837 0.373591 0.935591 0.216506 -0.875 0.433013
-0.641747 -0.870513 -0.283494 0.34375 0.84375 0.216506 -0.875 0.433013
-0.051345 -0.755883 -0.347059 0.415727 0.782522 0.216506 -0.875 0.433013
-0.391747 -0.726175 -0.116827 0.395833 0.84375 0.216506 -0.875 0.433013
-0.131144 -0.915074 -0.628841 0.373591 0.751909 0.216506 -0.875 0.433013
-0.051345 -0.755883 -0.347059 0.415727 0.782522 0.216506 -0.875 0.433013
-0.641747 -0.870513 -0.283494 0.34375 0.84375 0.216506 -0.875 0.433013
-0.131144 -0.915074 -0.628841 0.373591 0.751909 0.216506 -0.875 0.433013
0.350018 -0.663979 -0.362028 0.467811 0.744682 0.216506 -0.875 0.433013
-0.051345 -0.755883 -0.347059 0.415727 0.782522 0.216506 -0.875 0.433013
0.470901 -0.777218 -0.651295 0.451716 0.695147 0.216506 -0.875 0.433013
0.350018 -0.663979 -0.362028 0.467811 0.744682 0.216506 -0.875 0.433013
-0.131144 -0.915074 -0.628841 0.373591 0.751909 0.216506 -0.875 0.433013
0.470901 -0.777218 -0.651295 0.451716 0.695147 0.216506 -0.875 0.433013
0.659035 -0.485568 -0.156016 0.532189 0.744682 0.216506 -0.875 0.433013
0.350018 -0.663979 -0.362028 0.467811 0.744682 0.216506 -0.875 0.433013
0.934426 -0.509601 -0.342278 0.548284 0.695147 0.216506 -0.875 0.433013
0.659035 -0.485568 -0.156016 0.532189 0.744682 0.216506 -0.875 0.433013
0.470901 -0.777218 -0.651295 0.451716 0.695147 0.216506 -0.875 0.433013
0.934426 -0.509601 -0.342278 0.548284 0.695147 0.216506 -0.875 0.433013
0.757672 -0.288796 0.192286 0.584273 0.782522 0.216506 -0.875 0.433013
0.659035 -0.485568 -0.156016 0.532189 0.744682 0.216506 -0.875 0.433013
1.08238 -0.214445 0.180176 0.626409 0.751909 0.216506 -0.875 0.433013
0.757672 -0.288796 0.192286 0.584273 0.782522 0.216506 -0.875 0.433013
0.934426 -0.509601 -0.342278 0.548284 0.695147 0.216506 -0.875 0.433013
1.08238 -0.214445 0.180176 0.626409 0.751909 0.216506 -0.875 0.433013
0.608253 -0.148825 0.54984 0.604167 0.84375 0.216506 -0.875 0.433013
0.757672 -0.288796 0.192286 0.584273 0.782522 0.216506 -0.875 0.433013
0.858253 -0.004487 0.716506 0.65625 0.84375 0.216506 -0.875 0.433013
0.608253 -0.148825 0.54984 0.604167 0.84375 0.216506 -0.875 0.433013
1.08238 -0.214445 0.180176 0.626409 0.751909 0.216506 -0.875 0.433013
0.858253 -0.004487 0.716506 0.65625 0.84375 0.216506 -0.875 0.433013
0.267851 -0.119117 0.780071 0.584273 0.904978 0.216506 -0.875 0.433013
0.608253 -0.148825 0.54984 0.604167 0.84375 0.216506 -0.875 0.433013
0.34765 0.040074 1.06185 0.626409 0.935591 0.216506 -0.875 0.433013
0.267851 -0.119117 0.780071 0.584273 0.904978 0.216506 -0.875 0.433013
0.858253 -0.004487 0.716506 0.65625 0.84375 0.216506 -0.875 0.433013
0.131144 0.915074 0.628841 0.375 0.31156 -0.064797 0.429676 0.900655
-0.254395 -0.097782 1.08431 0.4 0.6875 -0.064797 0.429676 0.900655
0.34765 0.040074 1.06185 0.375 0.6875 -0.064796 0.429676 0.900655
-0.470901 0.777218 0.651295 0.4 0.31156 -0.064797 0.429676 0.900655
-0.254395 -0.097782 1.08431 0.4 0.6875 -0.064797 0.429676 0.900655
0.131144 0.915074 0.628841 0.375 0.31156 -0.064797 0.429676 0.900655
-0.470901 0.777218 0.651295 0.4 0.31156 -0.625 0.216506 0.75
-0.71792 -0.365399 0.77529 0.425 0.6875 -0.625 0.216506 0.75
-0.254395 -0.097782 1.08431 0.4 0.6875 -0.625 0.216506 0.75
-0.934426 0.509601 0.342278 0.425 0.31156 -0.625 0.216506 0.75
-0.71792 -0.365399 0.77529 0.425 0.6875 -0.625 0.216506 0.75
-0.470901 0.777218 0.651295 0.4 0.31156 -0.625 0.216506 0.75
-0.934426 0.509601 0.342278 0.425 0.31156 -0.946475 -0.079361 0.31287
-0.865875 -0.660556 0.252837 0.45 0.6875 -0.946475 -0.079361 0.31287
-0.71792 -0.365399 0.77529 0.425 0.6875 -0.946475 -0.079361 0.31287
-1.08238 0.214444 -0.180176 0.45 0.31156 -0.946475 -0.079361 0.31287
-0.865875 -0.660556 0.252837 0.45 0.6875 -0.946475 -0.079361 0.31287
-0.934426 0.509601 0.342278 0.425 0.31156 -0.946475 -0.079361 0.31287
-1.08238 0.214444 -0.180176 0.45 0.31156 -0.906428 -0.344915 -0.243766
-0.641747 -0.870513 -0.283494 0.475 0.6875 -0.906428 -0.344915 -0.243766
-0.865875 -0.660556 0.252837 0.45 0.6875 -0.906428 -0.344915 -0.243766
-0.858253 0.004487 -0.716506 0.475 0.31156 -0.906428 -0.344916 -0.243766
-0.641747 -0.870513 -0.283494 0.475 0.6875 -0.906428 -0.344915 -0.243766
-1.08238 0.214444 -0.180176 0.45 0.31156 -0.906428 -0.344915 -0.243766
-0.858253 0.004487 -0.716506 0.475 0.31156 -0.520157 -0.478724 -0.707291
-0.131144 -0.915074 -0.628841 0.5 0.6875 -0.520157 -0.478724 -0.707291
-0.641747 -0.870513 -0.283494 0.475 0.6875 -0.520157 -0.478724 -0.707291
-0.34765 -0.040074 -1.06185 0.5 0.31156 -0.520157 -0.478724 -0.707291
-0.131144 -0.915074 -0.628841 0.5 0.6875 -0.520157 -0.478724 -0.707291
-0.858253 0.004487 -0.716506 0.475 0.31156 -0.520157 -0.478724 -0.707291
-0.34765 -0.040074 -1.06185 0.5 0.31156 0.064797 -0.429676 -0.900655
0.470901 -0.777218 -0.651295 0.525 0.6875 0.064797 -0.429676 -0.900655
-0.131144 -0.915074 -0.628841 0.5 0.6875 0.064797 -0.429676 -0.900655
0.254394 0.097782 -1.08431 0.525 0.31156 0.064797 -0.429676 -0.900655
0.470901 -0.777218 -0.651295 0.525 0.6875 0.064797 -0.429676 -0.900655
-0.34765 -0.040074 -1.06185 0.5 0.31156 0.064797 -0.429676 -0.900655
0.254394 0.097782 -1.08431 0.525 0.31156 0.625 -0.216506 -0.75
0.934426 -0.509601 -0.342278 0.55 0.6875 0.625 -0.216506 -0.75
0.470901 -0.777218 -0.651295 0.525 0.6875 0.625 -0.216506 -0.75
0.71792 0.365399 -0.77529 0.55 0.31156 0.625 -0.216506 -0.75
0.934426 -0.509601 -0.342278 0.55 0.6875 0.625 -0.216506 -0.75
0.254394 0.097782 -1.08431 0.525 0.31156 0.625 -0.216506 -0.75
0.71792 0.365399 -0.77529 0.55 0.31156 0.946475 0.079361 -0.31287
1.08238 -0.214445 0.180176 0.575 0.6875 0.946475 0.079361 -0.31287
0.934426 -0.509601 -0.342278 0.55 0.6875 0.946475 0.079361 -0.31287
0.865875 0.660555 -0.252837 0.575 0.31156 0.946475 0.079361 -0.31287
1.08238 -0.214445 0.180176 0.575 0.6875 0.946475 0.079361 -0.31287
0.71792 0.365399 -0.77529 0.55 0.31156 0.946475 0.079361 -0.31287
0.865875 0.660555 -0.252837 0.575 0.31156 0.906428 0.344916 0.243766
0.858253 -0.004487 0.716506 0.6 0.6875 0.906428 0.344915 0.243766
1.08238 -0.214445 0.180176 0.575 0.6875 0.906428 0.344915 0.243766
0.641747 0.870513 0.283494 0.6 0.31156 0.906428 0.344916 0.243766
0.858253 -0.004487 0.716506 0.6 0.6875 0.906428 0.344915 0.243766
0.865875 0.660555 -0.252837 0.575 0.31156 0.906428 0.344916 0.243766
0.641747 0.870513 0.283494 0.6 0.31156 0.520157 0.478724 0.707291
0.34765 0.040074 1.06185 0.625 0.6875 0.520157 0.478724 0.707291
0.858253 -0.004487 0.716506 0.6 0.6875 0.520157 0.478724 0.707291
0.131144 0.915074 0.628841 0.625 0.31156 0.520157 0.478724 0.707291
0.34765 0.040074 1.06185 0.625 0.6875 0.520157 0.478724 0.707291
0.641747 0.870513 0.283494 0.6 0.31156 0.520157 0.478724 0.707291
0.051345 0.755883 0.347059 0.584273 0.095022 -0.216506 0.875 -0.433013
-0.470901 0.777218 0.651295 0.548284 0.00764698 -0.216506 0.875 -0.433013
0.131144 0.915074 0.628841 0.626409 0.064409 -0.216506 0.875 -0.433013
-0.350018 0.663979 0.362028 0.532189 0.057182 -0.216507 0.875 -0.433013
-0.470901 0.777218 0.651295 0.548284 0.00764698 -0.216506 0.875 -0.433013
0.051345 0.755883 0.347059 0.584273 0.095022 -0.216506 0.875 -0.433013
-0.350018 0.663979 0.362028 0.532189 0.057182 -0.216507 0.875 -0.433013
-0.934426 0.509601 0.342278 0.451716 0.00764698 -0.216506 0.875 -0.433013
-0.470901 0.777218 0.651295 0.548284 0.00764698 -0.216506 0.875 -0.433013
-0.659035 0.485568 0.156016 0.467811 0.057182 -0.216506 0.875 -0.433013
-0.934426 0.509601 0.342278 0.451716 0.00764698 -0.216506 0.875 -0.433013
-0.350018 0.663979 0.362028 0.532189 0.057182 -0.216507 0.875 -0.433013
-0.659035 0.485568 0.156016 0.467811 0.057182 -0.216506 0.875 -0.433013
-1.08238 0.214444 -0.180176 0.373591 0.064409 -0.216506 0.875 -0.433013
-0.934426 0.509601 0.342278 0.451716 0.00764698 -0.216506 0.875 -0.433013
-0.757672 0.288796 -0.192286 0.415727 0.095022 -0.216506 0.875 -0.433013
-1.08238 0.214444 -0.180176 0.373591 0.064409 -0.216506 0.875 -0.433013
-0.659035 0.485568 0.156016 0.467811 0.057182 -0.216506 0.875 -0.433013
-0.757672 0.288796 -0.192286 0.415727 0.095022 -0.216506 0.875 -0.433013
-0.858253 0.004487 -0.716506 0.34375 0.15625 -0.216506 0.875 -0.433013
-1.08238 0.214444 -0.180176 0.373591 0.064409 -0.216506 0.875 -0.433013
-0.608253 0.148825 -0.54984 0.395833 0.15625 -0.216506 0.875 -0.433013
-0.858253 0.004487 -0.716506 0.34375 0.15625 -0.216506 0.875 -0.433013
-0.757672 0.288796 -0.192286 0.415727 0.095022 -0.216506 0.875 -0.433013
-0.608253 0.148825 -0.54984 0.395833 0.15625 -0.216506 0.875 -0.433013
-0.34765 -0.040074 -1.06185 0.373591 0.248091 -0.216506 0.875 -0.433013
-0.858253 0.004487 -0.716506 0.34375 0.15625 -0.216506 0.875 -0.433013
-0.267851 0.119117 -0.780071 0.415727 0.217478 -0.216506 0.875 -0.433013
-0.34765 -0.040074 -1.06185 0.373591 0.248091 -0.216506 0.875 -0.433013
-0.608253 0.148825 -0.54984 0.395833 0.15625 -0.216506 0.875 -0.433013
-0.267851 0.119117 -0.780071 0.415727 0.217478 -0.216506 0.875 -0.433013
0.254394 0.097782 -1.08431 0.451716 0.304853 -0.216506 0.875 -0.433013
-0.34765 -0.040074 -1.06185 0.373591 0.248091 -0.216506 0.875 -0.433013
0.133512 0.211021 -0.79504 0.467811 0.255318 -0.216506 0.875 -0.433013
0.254394 0.097782 -1.08431 0.451716 0.304853 -0.216506 0.875 -0.433013
-0.267851 0.119117 -0.780071 0.415727 0.217478 -0.216506 0.875 -0.433013
0.133512 0.211021 -0.79504 0.467811 0.255318 -0.216506 0.875 -0.433013
0.71792 0.365399 -0.77529 0.548284 0.304853 -0.216506 0.875 -0.433013
0.254394 0.097782 -1.08431 0.451716 0.304853 -0.216506 0.875 -0.433013
0.442529 0.389432 -0.589029 0.532189 0.255318 -0.216506 0.875 -0.433013
0.71792 0.365399 -0.77529 0.548284 0.304853 -0.216506 0.875 -0.433013
0.133512 0.211021 -0.79504 0.467811 0.255318 -0.216506 0.875 -0.433013
0.442529 0.389432 -0.589029 0.532189 0.255318 -0.216506 0.875 -0.433013
0.865875 0.660555 -0.252837 0.626409 0.248091 -0.216506 0.875 -0.433013
0.71792 0.365399 -0.77529 0.548284 0.304853 -0.216506 0.875 -0.433013
0.541166 0.586204 -0.240727 0.584273 0.217478 -0.216506 0.875 -0.433013
0.865875 0.660555 -0.252837 0.626409 0.248091 -0.216506 0.875 -0.433013
0.442529 0.389432 -0.589029 0.532189 0.255318 -0.216506 0.875 -0.433013
0.541166 0.586204 -0.240727 0.584273 0.217478 -0.216506 0.875 -0.433013
0.641747 0.870513 0.283494 0.65625 0.15625 -0.216506 0.875 -0.433013
0.865875 0.660555 -0.252837 0.626409 0.248091 -0.216506 0.875 -0.433013
0.391747 0.726175 0.116827 0.604167 0.15625 -0.216506 0.875 -0.433013
0.641747 0.870513 0.283494 0.65625 0.15625 -0.216506 0.875 -0.433013
0.541166 0.586204 -0.240727 0.584273 0.217478 -0.216506 0.875 -0.433013
0.391747 0.726175 0.116827 0.604167 0.15625 -0.216506 0.875 -0.433013
0.131144 0.915074 0.628841 0.626409 0.064409 -0.216506 0.875 -0.433013
0.641747 0.870513 0.283494 0.65625 0.15625 -0.216506 0.875 -0.433013
0.051345 0.755883 0.347059 0.584273 0.095022 -0.216506 0.875 -0.433013
0.131144 0.915074 0.628841 0.626409 0.064409 -0.216506 0.875 -0.433013
0.391747 0.726175 0.116827 0.604167 0.15625 -0.216506 0.875 -0.433013
0.046555 0.293547 0.215294 0.542136 0.125636 -0.216506 0.875 -0.433013
-0.27501 0.360834 0.512045 0.532189 0.057182 -0.216506 0.875 -0.433013
0.126354 0.452738 0.497076 0.584273 0.095022 -0.216506 0.875 -0.433013
-0.154127 0.247595 0.222778 0.516095 0.106716 -0.216506 0.875 -0.433013
-0.27501 0.360834 0.512045 0.532189 0.057182 -0.216506 0.875 -0.433013
0.046555 0.293547 0.215294 0.542136 0.125636 -0.216506 0.875 -0.433013
-0.154127 0.247595 0.222778 0.516095 0.106716 -0.216506 0.875 -0.433013
-0.584027 0.182423 0.306034 0.467811 0.057182 -0.216506 0.875 -0.433013
-0.27501 0.360834 0.512045 0.532189 0.057182 -0.216506 0.875 -0.433013
-0.308636 0.158389 0.119773 0.483905 0.106716 -0.216506 0.875 -0.433013
-0.584027 0.182423 0.306034 0.467811 0.057182 -0.216506 0.875 -0.433013
-0.154127 0.247595 0.222778 0.516095 0.106716 -0.216506 0.875 -0.433013
-0.308636 0.158389 0.119773 0.483905 0.106716 -0.216506 0.875 -0.433013
-0.682664 -0.014348 -0.042269 0.415727 0.095022 -0.216506 0.875 -0.433013
-0.584027 0.182423 0.306034 0.467811 0.057182 -0.216506 0.875 -0.433013
-0.357954 0.060004 -0.054379 0.457864 0.125636 -0.216506 0.875 -0.433013
-0.682664 -0.014348 -0.042269 0.415727 0.095022 -0.216506 0.875 -0.433013
-0.308636 0.158389 0.119773 0.483905 0.106716 -0.216506 0.875 -0.433013
-0.357954 0.060004 -0.054379 0.457864 0.125636 -0.216506 0.875 -0.433013
-0.533244 -0.15432 -0.399822 0.395833 0.15625 -0.216506 0.875 -0.433013
-0.682664 -0.014348 -0.042269 0.415727 0.095022 -0.216506 0.875 -0.433013
-0.283244 -0.009982 -0.233155 0.447917 0.15625 -0.216506 0.875 -0.433013
-0.533244 -0.15432 -0.399822 0.395833 0.15625 -0.216506 0.875 -0.433013
-0.357954 0.060004 -0.054379 0.457864 0.125636 -0.216506 0.875 -0.433013
-0.283244 -0.009982 -0.233155 0.447917 0.15625 -0.216506 0.875 -0.433013
-0.192842 -0.184027 -0.630054 0.415727 0.217478 -0.216506 0.875 -0.433013
-0.533244 -0.15432 -0.399822 0.395833 0.15625 -0.216506 0.875 -0.433013
-0.113043 -0.024836 -0.348271 0.457864 0.186864 -0.216506 0.875 -0.433013
-0.192842 -0.184027 -0.630054 0.415727 0.217478 -0.216506 0.875 -0.433013
-0.283244 -0.009982 -0.233155 0.447917 0.15625 -0.216506 0.875 -0.433013
-0.113043 -0.024836 -0.348271 0.457864 0.186864 -0.216506 0.875 -0.433013
0.208521 -0.092123 -0.645023 0.467811 0.255318 -0.216506 0.875 -0.433013
-0.192842 -0.184027 -0.630054 0.415727 0.217478 -0.216506 0.875 -0.433013
0.087638 0.021116 -0.355756 0.483905 0.205784 -0.216506 0.875 -0.433013
0.208521 -0.092123 -0.645023 0.467811 0.255318 -0.216506 0.875 -0.433013
-0.113043 -0.024836 -0.348271 0.457864 0.186864 -0.216506 0.875 -0.433013
0.087638 0.021116 -0.355756 0.483905 0.205784 -0.216506 0.875 -0.433013
0.517538 0.086288 -0.439011 0.532189 0.255318 -0.216506 0.875 -0.433013
0.208521 -0.092123 -0.645023 0.467811 0.255318 -0.216506 0.875 -0.433013
0.242147 0.110322 -0.25275 0.516095 0.205784 -0.216506 0.875 -0.433013
0.517538 0.086288 -0.439011 0.532189 0.255318 -0.216506 0.875 -0.433013
0.087638 0.021116 -0.355756 0.483905 0.205784 -0.216506 0.875 -0.433013
0.242147 0.110322 -0.25275 0.516095 0.205784 -0.216506 0.875 -0.433013
0.616175 0.283059 -0.090709 0.584273 0.217478 -0.216506 0.875 -0.433013
0.517538 0.086288 -0.439011 0.532189 0.255318 -0.216506 0.875 -0.433013
0.291465 0.208707 -0.078599 0.542136 0.186864 -0.216506 0.875 -0.433013
0.616175 0.283059 -0.090709 0.584273 0.217478 -0.216506 0.875 -0.433013
0.242147 0.110322 -0.25275 0.516095 0.205784 -0.216506 0.875 -0.433013
0.291465 0.208707 -0.078599 0.542136 0.186864 -0.216506 0.875 -0.433013
0.466756 0.423031 0.266845 0.604167 0.15625 -0.216506 0.875 -0.433013
0.616175 0.283059 -0.090709 0.584273 0.217478 -0.216506 0.875 -0.433013
0.216756 0.278693 0.100178 0.552083 0.15625 -0.216506 0.875 -0.433013
0.466756 0.423031 0.266845 0.604167 0.15625 -0.216506 0.875 -0.433013
0.291465 0.208707 -0.078599 0.542136 0.186864 -0.216506 0.875 -0.433013
0.216756 0.278693 0.100178 0.552083 0.15625 -0.216506 0.875 -0.433013
0.126354 0.452738 0.497076 0.584273 0.095022 -0.216506 0.875 -0.433013
0.466756 0.423031 0.266845 0.604167 0.15625 -0.216506 0.875 -0.433013
0.046555 0.293547 0.215294 0.542136 0.125636 -0.216506 0.875 -0.433013
0.126354 0.452738 0.497076 0.584273 0.095022 -0.216506 0.875 -0.433013
0.216756 0.278693 0.100178 0.552083 0.15625 -0.216506 0.875 -0.433013
0.108253 -0.4375 0.216506 0.5 0.85 0.216506 -0.875 0.433013
0.188052 -0.278309 0.498289 0.542136 0.874364 0.216506 -0.875 0.433013
-0.012629 -0.324261 0.505773 0.516095 0.893284 0.216506 -0.875 0.433013
0.108253 -0.4375 0.216506 0.5 0.85 0.216506 -0.875 0.433013
-0.012629 -0.324261 0.505773 0.516095 0.893284 0.216506 -0.875 0.433013
-0.167138 -0.413466 0.402768 0.483905 0.893284 0.216506 -0.875 0.433013
0.108253 -0.4375 0.216506 0.5 0.85 0.216506 -0.875 0.433013
-0.167138 -0.413466 0.402768 0.483905 0.893284 0.216506 -0.875 0.433013
-0.216456 -0.511852 0.228616 0.457864 0.874364 0.216506 -0.875 0.433013
0.108253 -0.4375 0.216506 0.5 0.85 0.216506 -0.875 0.433013
-0.216456 -0.511852 0.228616 0.457864 0.874364 0.216506 -0.875 0.433013
-0.141747 -0.581838 0.04984 0.447917 0.84375 0.216506 -0.875 0.433013
0.108253 -0.4375 0.216506 0.5 0.85 0.216506 -0.875 0.433013
-0.141747 -0.581838 0.04984 0.447917 0.84375 0.216506 -0.875 0.433013
0.028454 -0.596691 -0.065276 0.457864 0.813136 0.216506 -0.875 0.433013
0.108253 -0.4375 0.216506 0.5 0.85 0.216506 -0.875 0.433013
0.028454 -0.596691 -0.065276 0.457864 0.813136 0.216506 -0.875 0.433013
0.229136 -0.550739 -0.072761 0.483905 0.794216 0.216506 -0.875 0.433013
0.108253 -0.4375 0.216506 0.5 0.85 0.216506 -0.875 0.433013
0.229136 -0.550739 -0.072761 0.483905 0.794216 0.216506 -0.875 0.433013
0.383644 -0.461534 0.030245 0.516095 0.794216 0.216506 -0.875 0.433013
0.108253 -0.4375 0.216506 0.5 0.85 0.216506 -0.875 0.433013
0.383644 -0.461534 0.030245 0.516095 0.794216 0.216506 -0.875 0.433013
0.432963 -0.363148 0.204396 0.542136 0.813136 0.216506 -0.875 0.433013
0.108253 -0.4375 0.216506 0.5 0.85 0.216506 -0.875 0.433013
0.432963 -0.363148 0.204396 0.542136 0.813136 0.216506 -0.875 0.433013
0.358253 -0.293162 0.383173 0.552083 0.84375 0.216506 -0.875 0.433013
0.108253 -0.4375 0.216506 0.5 0.85 0.216506 -0.875 0.433013
0.358253 -0.293162 0.383173 0.552083 0.84375 0.216506 -0.875 0.433013
0.188052 -0.278309 0.498289 0.542136 0.874364 0.216506 -0.875 0.433013
-0.108253 0.4375 -0.216506 0.5 0.1625 -0.216506 0.875 -0.433013
-0.229136 0.550739 0.072761 0.516095 0.106716 -0.216506 0.875 -0.433013
-0.028454 0.596691 0.065276 0.542136 0.125636 -0.216506 0.875 -0.433013
-0.108253 0.4375 -0.216506 0.5 0.1625 -0.216506 0.875 -0.433013
-0.383644 0.461534 -0.030245 0.483905 0.106716 -0.216506 0.875 -0.433013
-0.229136 0.550739 0.072761 0.516095 0.106716 -0.216506 0.875 -0.433013
-0.108253 0.4375 -0.216506 0.5 0.1625 -0.216506 0.875 -0.433013
-0.432963 0.363148 -0.204396 0.457864 0.125636 -0.216506 0.875 -0.433013
-0.383644 0.461534 -0.030245 0.483905 0.106716 -0.216506 0.875 -0.433013
-0.108253 0.4375 -0.216506 0.5 0.1625 -0.216506 0.875 -0.433013
-0.358253 0.293162 -0.383173 0.447917 0.15625 -0.216506 0.875 -0.433013
-0.432963 0.363148 -0.204396 0.457864 0.125636 -0.216506 0.875 -0.433013
-0.108253 0.4375 -0.216506 0.5 0.1625 -0.216506 0.875 -0.433013
-0.188052 0.278309 -0.498289 0.457864 0.186864 -0.216506 0.875 -0.433013
-0.358253 0.293162 -0.383173 0.447917 0.15625 -0.216506 0.875 -0.433013
-0.108253 0.4375 -0.216506 0.5 0.1625 -0.216506 0.875 -0.433013
0.012629 0.324261 -0.505773 0.483905 0.205784 -0.216506 0.875 -0.433013
-0.188052 0.278309 -0.498289 0.457864 0.186864 -0.216506 0.875 -0.433013
-0.108253 0.4375 -0.216506 0.5 0.1625 -0.216506 0.875 -0.433013
0.167138 0.413466 -0.402768 0.516095 0.205784 -0.216506 0.875 -0.433013
0.012629 0.324261 -0.505773 0.483905 0.205784 -0.216506 0.875 -0.433013
-0.108253 0.4375 -0.216506 0.5 0.1625 -0.216506 0.875 -0.433013
0.216456 0.511852 -0.228617 0.542136 0.186864 -0.216506 0.875 -0.433013
0.167138 0.413466 -0.402768 0.516095 0.205784 -0.216506 0.875 -0.433013
-0.108253 0.4375 -0.216506 0.5 0.1625 -0.216506 0.875 -0.433013
0.141747 0.581838 -0.04984 0.552083 0.15625 -0.216506 0.875 -0.433013
0.216456 0.511852 -0.228617 0.542136 0.186864 -0.216506 0.875 -0.433013
-0.108253 0.4375 -0.216506 0.5 0.1625 -0.216506 0.875 -0.433013
-0.028454 0.596691 0.065276 0.542136 0.125636 -0.216506 0.875 -0.433013
0.141747 0.581838 -0.04984 0.552083 0.15625 -0.216506 0.875 -0.433013
0.113043 0.024836 0.348271 0.542136 0.874364 -0.064797 0.429676 0.900655
-0.012629 -0.324261 0.505773 0.516095 0.893284 -0.064797 0.429676 0.900655
0.188052 -0.278309 0.498289 0.542136 0.874364 -0.064797 0.429676 0.900655
-0.087638 -0.021116 0.355756 0.516095 0.893284 -0.064797 0.429676 0.900655
-0.012629 -0.324261 0.505773 0.516095 0.893284 -0.064797 0.429676 0.900655
0.113043 0.024836 0.348271 0.542136 0.874364 -0.064797 0.429676 0.900655
-0.208521 0.092123 0.645023 0.532189 0.942818 0.064797 -0.429676 -0.900655
0.267851 -0.119117 0.780071 0.584273 0.904978 0.064797 -0.429676 -0.900655
-0.133512 -0.211021 0.79504 0.532189 0.942818 0.064797 -0.429676 -0.900655
0.192842 0.184027 0.630054 0.584273 0.904978 0.064797 -0.429676 -0.900655
0.267851 -0.119117 0.780071 0.584273 0.904978 0.064797 -0.429676 -0.900655
-0.208521 0.092123 0.645023 0.532189 0.942818 0.064797 -0.429676 -0.900655
-0.087638 -0.021116 0.355756 0.516095 0.893284 -0.625 0.216506 0.75
-0.167138 -0.413466 0.402768 0.483905 0.893284 -0.625 0.216506 0.75
-0.012629 -0.324261 0.505773 0.516095 0.893284 -0.625 0.216506 0.75
-0.242147 -0.110322 0.25275 0.483905 0.893284 -0.625 0.216506 0.75
-0.167138 -0.413466 0.402768 0.483905 0.893284 -0.625 0.216506 0.75
-0.087638 -0.021116 0.355756 0.516095 0.893284 -0.625 0.216506 0.75
-0.517538 -0.086288 0.439011 0.467811 0.942818 0.625 -0.216506 -0.75
-0.133512 -0.211021 0.79504 0.532189 0.942818 0.625 -0.216506 -0.75
-0.442529 -0.389432 0.589029 0.467811 0.942818 0.625 -0.216506 -0.75
-0.208521 0.092123 0.645023 0.532189 0.942818 0.625 -0.216506 -0.75
-0.133512 -0.211021 0.79504 0.532189 0.942818 0.625 -0.216506 -0.75
-0.517538 -0.086288 0.439011 0.467811 0.942818 0.625 -0.216506 -0.75
-0.242147 -0.110322 0.25275 0.483905 0.893284 -0.946475 -0.079361 0.31287
-0.216456 -0.511852 0.228616 0.457864 0.874364 -0.946475 -0.079361 0.31287
-0.167138 -0.413466 0.402768 0.483905 0.893284 -0.946475 -0.079361 0.31287
-0.291465 -0.208707 0.078599 0.457864 0.874364 -0.946475 -0.079361 0.31287
-0.216456 -0.511852 0.228616 0.457864 0.874364 -0.946475 -0.079361 0.31287
-0.242147 -0.110322 0.25275 0.483905 0.893284 -0.946475 -0.079361 0.31287
-0.616175 -0.283059 0.090709 0.415727 0.904978 0.946475 0.079361 -0.31287
-0.442529 -0.389432 0.589029 0.467811 0.942818 0.946475 0.079361 -0.31287
-0.541166 -0.586204 0.240727 0.415727 0.904978 0.946475 0.079361 -0.31287
-0.517538 -0.086288 0.439011 0.467811 0.942818 0.946475 0.079361 -0.31287
-0.442529 -0.389432 0.589029 0.467811 0.942818 0.946475 0.079361 -0.31287
-0.616175 -0.283059 0.090709 0.415727 0.904978 0.946475 0.079361 -0.31287
-0.291465 -0.208707 0.078599 0.457864 0.874364 -0.906428 -0.344915 -0.243766
-0.141747 -0.581838 0.04984 0.447917 0.84375 -0.906428 -0.344915 -0.243766
-0.216456 -0.511852 0.228616 0.457864 0.874364 -0.906428 -0.344915 -0.243766
-0.216756 -0.278693 -0.100178 0.447917 0.84375 -0.906428 -0.344915 -0.243766
-0.141747 -0.581838 0.04984 0.447917 0.84375 -0.906428 -0.344915 -0.243766
-0.291465 -0.208707 0.078599 0.457864 0.874364 -0.906428 -0.344915 -0.243766
-0.466756 -0.423031 -0.266845 0.395833 0.84375 0.906428 0.344915 0.243766
-0.541166 -0.586204 0.240727 0.415727 0.904978 0.906428 0.344915 0.243766
-0.391747 -0.726175 -0.116827 0.395833 0.84375 0.906428 0.344916 0.243766
-0.616175 -0.283059 0.090709 0.415727 0.904978 0.906428 0.344915 0.243766
-0.541166 -0.586204 0.240727 0.415727 0.904978 0.906428 0.344915 0.243766
-0.466756 -0.423031 -0.266845 0.395833 0.84375 0.906428 0.344915 0.243766
-0.216756 -0.278693 -0.100178 0.447917 0.84375 -0.520157 -0.478724 -0.707291
0.028454 -0.596691 -0.065276 0.457864 0.813136 -0.520157 -0.478724 -0.707291
-0.141747 -0.581838 0.04984 0.447917 0.84375 -0.520157 -0.478724 -0.707291
-0.046555 -0.293547 -0.215294 0.457864 0.813136 -0.520157 -0.478724 -0.707291
0.028454 -0.596691 -0.065276 0.457864 0.813136 -0.520157 -0.478724 -0.707291
-0.216756 -0.278693 -0.100178 0.447917 0.84375 -0.520157 -0.478724 -0.707291
-0.126354 -0.452738 -0.497076 0.415727 0.782522 0.520157 0.478724 0.707291
-0.391747 -0.726175 -0.116827 0.395833 0.84375 0.520157 0.478724 0.707291
-0.051345 -0.755883 -0.347059 0.415727 0.782522 0.520157 0.478724 0.707291
-0.466756 -0.423031 -0.266845 0.395833 0.84375 0.520157 0.478724 0.707291
-0.391747 -0.726175 -0.116827 0.395833 0.84375 0.520157 0.478724 0.707291
-0.126354 -0.452738 -0.497076 0.415727 0.782522 0.520157 0.478724 0.707291
-0.046555 -0.293547 -0.215294 0.457864 0.813136 0.064797 -0.429676 -0.900655
0.229136 -0.550739 -0.072761 0.483905 0.794216 0.064797 -0.429676 -0.900655
0.028454 -0.596691 -0.065276 0.457864 0.813136 0.064797 -0.429676 -0.900655
0.154127 -0.247595 -0.222778 0.483905 0.794216 0.064797 -0.429676 -0.900655
0.229136 -0.550739 -0.072761 0.483905 0.794216 0.064797 -0.429676 -0.900655
-0.046555 -0.293547 -0.215294 0.457864 0.813136 0.064797 -0.429676 -0.900655
0.275009 -0.360834 -0.512045 0.467811 0.744682 -0.064797 0.429676 0.900655
-0.051345 -0.755883 -0.347059 0.415727 0.782522 -0.064797 0.429676 0.900655
0.350018 -0.663979 -0.362028 0.467811 0.744682 -0.064797 0.429676 0.900655
-0.126354 -0.452738 -0.497076 0.415727 0.782522 -0.064797 0.429676 0.900655
-0.051345 -0.755883 -0.347059 0.415727 0.782522 -0.064797 0.429676 0.900655
0.275009 -0.360834 -0.512045 0.467811 0.744682 -0.064797 0.429676 0.900655
0.154127 -0.247595 -0.222778 0.483905 0.794216 0.625 -0.216506 -0.75
0.383644 -0.461534 0.030245 0.516095 0.794216 0.625 -0.216506 -0.75
0.229136 -0.550739 -0.072761 0.483905 0.794216 0.625 -0.216506 -0.75
0.308635 -0.158389 -0.119773 0.516095 0.794216 0.625 -0.216506 -0.75
0.383644 -0.461534 0.030245 0.516095 0.794216 0.625 -0.216506 -0.75
0.154127 -0.247595 -0.222778 0.483905 0.794216 0.625 -0.216506 -0.75
0.584027 -0.182423 -0.306034 0.532189 0.744682 -0.625 0.216506 0.75
0.350018 -0.663979 -0.362028 0.467811 0.744682 -0.625 0.216506 0.75
0.659035 -0.485568 -0.156016 0.532189 0.744682 -0.625 0.216506 0.75
0.275009 -0.360834 -0.512045 0.467811 0.744682 -0.625 0.216506 0.75
0.350018 -0.663979 -0.362028 0.467811 0.744682 -0.625 0.216506 0.75
0.584027 -0.182423 -0.306034 0.532189 0.744682 -0.625 0.216506 0.75
0.308635 -0.158389 -0.119773 0.516095 0.794216 0.946475 0.079361 -0.31287
0.432963 -0.363148 0.204396 0.542136 0.813136 0.946475 0.079361 -0.31287
0.383644 -0.461534 0.030245 0.516095 0.794216 0.946475 0.079361 -0.31287
0.357954 -0.060004 0.054379 0.542136 0.813136 0.946475 0.079361 -0.31287
0.432963 -0.363148 0.204396 0.542136 0.813136 0.946475 0.079361 -0.31287
0.308635 -0.158389 -0.119773 0.516095 0.794216 0.946475 0.079361 -0.31287
0.682663 0.014348 0.042268 0.584273 0.782522 -0.946475 -0.079361 0.31287
0.659035 -0.485568 -0.156016 0.532189 0.744682 -0.946475 -0.079361 0.31287
0.757672 -0.288796 0.192286 0.584273 0.782522 -0.946475 -0.079361 0.31287
0.584027 -0.182423 -0.306034 0.532189 0.744682 -0.946475 -0.079361 0.31287
0.659035 -0.485568 -0.156016 0.532189 0.744682 -0.946475 -0.079361 0.31287
0.682663 0.014348 0.042268 0.584273 0.782522 -0.946475 -0.079361 0.31287
0.357954 -0.060004 0.054379 0.542136 0.813136 0.906428 0.344915 0.243766
0.358253 -0.293162 0.383173 0.552083 0.84375 0.906428 0.344915 0.243766
0.432963 -0.363148 0.204396 0.542136 0.813136 0.906428 0.344915 0.243766
0.283244 0.009982 0.233155 0.552083 0.84375 0.906428 0.344915 0.243765
0.358253 -0.293162 0.383173 0.552083 0.84375 0.906428 0.344915 0.243766
0.357954 -0.060004 0.054379 0.542136 0.813136 0.906428 0.344915 0.243766
0.533244 0.15432 0.399822 0.604167 0.84375 -0.906428 -0.344915 -0.243766
0.757672 -0.288796 0.192286 0.584273 0.782522 -0.906428 -0.344915 -0.243766
0.608253 -0.148825 0.54984 0.604167 0.84375 -0.906428 -0.344915 -0.243766
0.682663 0.014348 0.042268 0.584273 0.782522 -0.906428 -0.344915 -0.243766
0.757672 -0.288796 0.192286 0.584273 0.782522 -0.906428 -0.344915 -0.243766
0.533244 0.15432 0.399822 0.604167 0.84375 -0.906428 -0.344915 -0.243766
0.283244 0.009982 0.233155 0.552083 0.84375 0.520157 0.478724 0.707291
0.188052 -0.278309 0.498289 0.542136 0.874364 0.520157 0.478724 0.707291
0.358253 -0.293162 0.383173 0.552083 0.84375 0.520157 0.478723 0.707291
0.113043 0.024836 0.348271 0.542136 0.874364 0.520157 0.478724 0.707291
0.188052 -0.278309 0.498289 0.542136 0.874364 0.520157 0.478724 0.707291
0.283244 0.009982 0.233155 0.552083 0.84375 0.520157 0.478724 0.707291
0.192842 0.184027 0.630054 0.584273 0.904978 -0.520157 -0.478724 -0.707291
0.608253 -0.148825 0.54984 0.604167 0.84375 -0.520157 -0.478724 -0.707291
0.267851 -0.119117 0.780071 0.584273 0.904978 -0.520157 -0.478724 -0.707291
0.533244 0.15432 0.399822 0.604167 0.84375 -0.520157 -0.478724 -0.707291
0.608253 -0.148825 0.54984 0.604167 0.84375 -0.520157 -0.478724 -0.707291
0.192842 0.184027 0.630054 0.584273 0.904978 -0.520157 -0.478724 -0.707291
0.126354 0.452738 0.497076 0.584273 0.095022 0.064797 -0.429676 -0.900655
-0.350018 0.663979 0.362028 0.532189 0.057182 0.064797 -0.429676 -0.900655
0.051345 0.755883 0.347059 0.584273 0.095022 0.064797 -0.429676 -0.900655
-0.27501 0.360834 0.512045 0.532189 0.057182 0.064797 -0.429676 -0.900655
-0.350018 0.663979 0.362028 0.532189 0.057182 0.064797 -0.429676 -0.900655
0.126354 0.452738 0.497076 0.584273 0.095022 0.064797 -0.429676 -0.900655
-0.154127 0.247595 0.222778 0.516095 0.106716 -0.064797 0.429676 0.900655
-0.028454 0.596691 0.065276 0.542136 0.125636 -0.064797 0.429676 0.900655
-0.229136 0.550739 0.072761 0.516095 0.106716 -0.064797 0.429676 0.900655
0.046555 0.293547 0.215294 0.542136 0.125636 -0.064797 0.429676 0.900655
-0.028454 0.596691 0.065276 0.542136 0.125636 -0.064797 0.429676 0.900655
-0.154127 0.247595 0.222778 0.516095 0.106716 -0.064797 0.429676 0.900655
-0.27501 0.360834 0.512045 0.532189 0.057182 0.625 -0.216506 -0.75
-0.659035 0.485568 0.156016 0.467811 0.057182 0.625 -0.216506 -0.75
-0.350018 0.663979 0.362028 0.532189 0.057182 0.625 -0.216507 -0.75
-0.584027 0.182423 0.306034 0.467811 0.057182 0.625001 -0.216506 -0.75
-0.659035 0.485568 0.156016 0.467811 0.057182 0.625 -0.216506 -0.75
-0.27501 0.360834 0.512045 0.532189 0.057182 0.625 -0.216506 -0.75
-0.308636 0.158389 0.119773 0.483905 0.106716 -0.625 0.216506 0.75
-0.229136 0.550739 0.072761 0.516095 0.106716 -0.625 0.216506 0.75
-0.383644 0.461534 -0.030245 0.483905 0.106716 -0.625 0.216506 0.75
-0.154127 0.247595 0.222778 0.516095 0.106716 -0.625 0.216506 0.75
-0.229136 0.550739 0.072761 0.516095 0.106716 -0.625 0.216506 0.75
-0.308636 0.158389 0.119773 0.483905 0.106716 -0.625 0.216506 0.75
-0.584027 0.182423 0.306034 0.467811 0.057182 0.946475 0.079361 -0.31287
-0.757672 0.288796 -0.192286 0.415727 0.095022 0.946475 0.079361 -0.31287
-0.659035 0.485568 0.156016 0.467811 0.057182 0.946475 0.079361 -0.31287
-0.682664 -0.014348 -0.042269 0.415727 0.095022 0.946475 0.079361 -0.31287
-0.757672 0.288796 -0.192286 0.415727 0.095022 0.946475 0.079361 -0.31287
-0.584027 0.182423 0.306034 0.467811 0.057182 0.946475 0.079361 -0.31287
-0.357954 0.060004 -0.054379 0.457864 0.125636 -0.946475 -0.079361 0.31287
-0.383644 0.461534 -0.030245 0.483905 0.106716 -0.946475 -0.079361 0.31287
-0.432963 0.363148 -0.204396 0.457864 0.125636 -0.946475 -0.079361 0.31287
-0.308636 0.158389 0.119773 0.483905 0.106716 -0.946475 -0.079361 0.31287
-0.383644 0.461534 -0.030245 0.483905 0.106716 -0.946475 -0.079361 0.31287
-0.357954 0.060004 -0.054379 0.457864 0.125636 -0.946475 -0.079361 0.31287
-0.682664 -0.014348 -0.042269 0.415727 0.095022 0.906428 0.344915 0.243766
-0.608253 0.148825 -0.54984 0.395833 0.15625 0.906428 0.344915 0.243766
-0.757672 0.288796 -0.192286 0.415727 0.095022 0.906428 0.344915 0.243766
-0.533244 -0.15432 -0.399822 0.395833 0.15625 0.906428 0.344915 0.243766
-0.608253 0.148825 -0.54984 0.395833 0.15625 0.906428 0.344915 0.243766
-0.682664 -0.014348 -0.042269 0.415727 0.095022 0.906428 0.344915 0.243766
-0.283244 -0.009982 -0.233155 0.447917 0.15625 -0.906428 -0.344915 -0.243766
-0.432963 0.363148 -0.204396 0.457864 0.125636 -0.906428 -0.344915 -0.243766
-0.358253 0.293162 -0.383173 0.447917 0.15625 -0.906428 -0.344915 -0.243766
-0.357954 0.060004 -0.054379 0.457864 0.125636 -0.906428 -0.344915 -0.243766
-0.432963 0.363148 -0.204396 0.457864 0.125636 -0.906428 -0.344915 -0.243766
-0.283244 -0.009982 -0.233155 0.447917 0.15625 -0.906428 -0.344915 -0.243766
-0.533244 -0.15432 -0.399822 0.395833 0.15625 0.520157 0.478724 0.707291
-0.267851 0.119117 -0.780071 0.415727 0.217478 0.520157 0.478724 0.707291
-0.608253 0.148825 -0.54984 0.395833 0.15625 0.520157 0.478724 0.707291
-0.192842 -0.184027 -0.630054 0.415727 0.217478 0.520157 0.478724 0.707291
-0.267851 0.119117 -0.780071 0.415727 0.217478 0.520157 0.478724 0.707291
-0.533244 -0.15432 -0.399822 0.395833 0.15625 0.520157 0.478724 0.707291
-0.113043 -0.024836 -0.348271 0.457864 0.186864 -0.520157 -0.478724 -0.707291
-0.358253 0.293162 -0.383173 0.447917 0.15625 -0.520157 -0.478724 -0.707291
-0.188052 0.278309 -0.498289 0.457864 0.186864 -0.520157 -0.478724 -0.707291
-0.283244 -0.009982 -0.233155 0.447917 0.15625 -0.520157 -0.478724 -0.707291
-0.358253 0.293162 -0.383173 0.447917 0.15625 -0.520157 -0.478724 -0.707291
-0.113043 -0.024836 -0.348271 0.457864 0.186864 -0.520157 -0.478724 -0.707291
-0.192842 -0.184027 -0.630054 0.415727 0.217478 -0.064797 0.429676 0.900655
0.133512 0.211021 -0.79504 0.467811 0.255318 -0.064797 0.429676 0.900655
-0.267851 0.119117 -0.780071 0.415727 0.217478 -0.064797 0.429676 0.900655
0.208521 -0.092123 -0.645023 0.467811 0.255318 -0.064797 0.429676 0.900655
0.133512 0.211021 -0.79504 0.467811 0.255318 -0.064797 0.429676 0.900655
-0.192842 -0.184027 -0.630054 0.415727 0.217478 -0.064797 0.429676 0.900655
0.087638 0.021116 -0.355756 0.483905 0.205784 0.064797 -0.429676 -0.900656
-0.188052 0.278309 -0.498289 0.457864 0.186864 0.064797 -0.429676 -0.900655
0.012629 0.324261 -0.505773 0.483905 0.205784 0.064797 -0.429676 -0.900655
-0.113043 -0.024836 -0.348271 0.457864 0.186864 0.064797 -0.429676 -0.900656
-0.188052 0.278309 -0.498289 0.457864 0.186864 0.064797 -0.429676 -0.900655
0.087638 0.021116 -0.355756 0.483905 0.205784 0.064797 -0.429676 -0.900656
0.208521 -0.092123 -0.645023 0.467811 0.255318 -0.625 0.216506 0.75
0.442529 0.389432 -0.589029 0.532189 0.255318 -0.625 0.216506 0.75
0.133512 0.211021 -0.79504 0.467811 0.255318 -0.625 0.216506 0.75
0.517538 0.086288 -0.439011 0.532189 0.255318 -0.625 0.216506 0.75
0.442529 0.389432 -0.589029 0.532189 0.255318 -0.625 0.216506 0.75
0.208521 -0.092123 -0.645023 0.467811 0.255318 -0.625 0.216506 0.75
0.242147 0.110322 -0.25275 0.516095 0.205784 0.625 -0.216506 -0.75
0.012629 0.324261 -0.505773 0.483905 0.205784 0.625 -0.216506 -0.75
0.167138 0.413466 -0.402768 0.516095 0.205784 0.625 -0.216506 -0.75
0.087638 0.021116 -0.355756 0.483905 0.205784 0.625 -0.216507 -0.75
0.012629 0.324261 -0.505773 0.483905 0.205784 0.625 -0.216506 -0.75
0.242147 0.110322 -0.25275 0.516095 0.205784 0.625 -0.216506 -0.75
0.517538 0.086288 -0.439011 0.532189 0.255318 -0.946475 -0.079361 0.31287
0.541166 0.586204 -0.240727 0.584273 0.217478 -0.946475 -0.079361 0.31287
0.442529 0.389432 -0.589029 0.532189 0.255318 -0.946475 -0.079361 0.31287
0.616175 0.283059 -0.090709 0.584273 0.217478 -0.946475 -0.079361 0.31287
0.541166 0.586204 -0.240727 0.584273 0.217478 -0.946475 -0.079361 0.31287
0.517538 0.086288 -0.439011 0.532189 0.255318 -0.946475 -0.079361 0.31287
0.291465 0.208707 -0.078599 0.542136 0.186864 0.946475 0.079361 -0.31287
0.167138 0.413466 -0.402768 0.516095 0.205784 0.946475 0.079361 -0.31287
0.216456 0.511852 -0.228617 0.542136 0.186864 0.946475 0.079361 -0.31287
0.242147 0.110322 -0.25275 0.516095 0.205784 0.946475 0.079361 -0.31287
0.167138 0.413466 -0.402768 0.516095 0.205784 0.946475 0.079361 -0.31287
0.291465 0.208707 -0.078599 0.542136 0.186864 0.946475 0.079361 -0.31287
0.616175 0.283059 -0.090709 0.584273 0.217478 -0.906428 -0.344915 -0.243766
0.391747 0.726175 0.116827 0.604167 0.15625 -0.906428 -0.344915 -0.243766
0.541166 0.586204 -0.240727 0.584273 0.217478 -0.906428 -0.344915 -0.243766
0.466756 0.423031 0.266845 0.604167 0.15625 -0.906428 -0.344916 -0.243765
0.391747 0.726175 0.116827 0.604167 0.15625 -0.906428 -0.344915 -0.243766
0.616175 0.283059 -0.090709 0.584273 0.217478 -0.906428 -0.344915 -0.243766
0.216756 0.278693 0.100178 0.552083 0.15625 0.906428 0.344915 0.243766
0.216456 0.511852 -0.228617 0.542136 0.186864 0.906428 0.344915 0.243766
0.141747 0.581838 -0.04984 0.552083 0.15625 0.906428 0.344915 0.243766
0.291465 0.208707 -0.078599 0.542136 0.186864 0.906428 0.344915 0.243766
0.216456 0.511852 -0.228617 0.542136 0.186864 0.906428 0.344915 0.243766
0.216756 0.278693 0.100178 0.552083 0.15625 0.906428 0.344915 0.243766
0.466756 0.423031 0.266845 0.604167 0.15625 -0.520157 -0.478724 -0.707291
0.051345 0.755883 0.347059 0.584273 0.095022 -0.520157 -0.478724 -0.707291
0.391747 0.726175 0.116827 0.604167 0.15625 -0.520157 -0.478724 -0.707291
0.126354 0.452738 0.497076 0.584273 0.095022 -0.520157 -0.478724 -0.707291
0.051345 0.755883 0.347059 0.584273 0.095022 -0.520157 -0.478724 -0.707291
0.466756 0.423031 0.266845 0.604167 0.15625 -0.520157 -0.478724 -0.707291
0.046555 0.293547 0.215294 0.542136 0.125636 0.520157 0.478724 0.707291
0.141747 0.581838 -0.04984 0.552083 0.15625 0.520157 0.478724 0.707291
-0.028454 0.596691 0.065276 0.542136 0.125636 0.520157 0.478724 0.707291
0.216756 0.278693 0.100178 0.552083 0.15625 0.520157 0.478723 0.707291
0.141747 0.581838 -0.04984 0.552083 0.15625 0.520157 0.478724 0.707291
0.046555 0.293547 0.215294 0.542136 0.125636 0.520157 0.478724 0.707291
