Vertex Count: 192

Data:

0.353553 0.25977 0.353553 0.125 0.25 -0.92388 0 -0.382683
0.5 -0.25977 0 0 0 -0.92388 0 -0.382683
0.353553 -0.25977 0.353553 0.125 0 -0.92388 0 -0.382683
0.5 0.25977 -0 0 0.25 -0.92388 0 -0.382683
0.5 -0.25977 0 0 0 -0.92388 0 -0.382683
0.353553 0.25977 0.353553 0.125 0.25 -0.92388 0 -0.382683
0 0.25977 0.5 0.25 0.25 -0.382683 0 -0.92388
0.353553 -0.25977 0.353553 0.125 0 -0.382683 0 -0.92388
0 -0.25977 0.5 0.25 0 -0.382683 0 -0.92388
0.353553 0.25977 0.353553 0.125 0.25 -0.382683 0 -0.92388
0.353553 -0.25977 0.353553 0.125 0 -0.382683 0 -0.92388
0 0.25977 0.5 0.25 0.25 -0.382683 0 -0.92388
-0.353553 0.25977 0.353553 0.375 0.25 0.382683 0 -0.92388
0 -0.25977 0.5 0.25 0 0.382683 0 -0.92388
-0.353553 -0.25977 0.353553 0.375 0 0.382683 0 -0.92388
0 0.25977 0.5 0.25 0.25 0.382683 0 -0.92388
0 -0.25977 0.5 0.25 0 0.382683 0 -0.92388
-0.353553 0.25977 0.353553 0.375 0.25 0.382683 0 -0.92388
-0.5 0.25977 -0 0.5 0.25 0.92388 -0 -0.382683
-0.353553 -0.25977 0.353553 0.375 0 0.92388 -0 -0.382683
-0.5 -0.25977 0 0.5 0 0.92388 -0 -0.382683
-0.353553 0.25977 0.353553 0.375 0.25 0.92388 0 -0.382683
-0.353553 -0.25977 0.353553 0.375 0 0.92388 -0 -0.382683
-0.5 0.25977 -0 0.5 0.25 0.92388 -0 -0.382683
-0.353553 0.25977 -0.353553 0.625 0.25 0.92388 0 0.382683
-0.5 -0.25977 0 0.5 0 0.92388 0 0.382683
-0.353553 -0.25977 -0.353553 0.625 0 0.92388 0 0.382683
-0.5 0.25977 -0 0.5 0.25 0.92388 0 0.382683
-0.5 -0.25977 0 0.5 0 0.92388 0 0.382683
-0.353553 0.25977 -0.353553 0.625 0.25 0.92388 0 0.382683
0 0.25977 -0.5 0.75 0.25 0.382683 0 0.92388
-0.353553 -0.25977 -0.353553 0.625 0 0.382683 0 0.92388
0 -0.25977 -0.5 0.75 0 0.382683 0 0.92388
-0.353553 0.25977 -0.353553 0.625 0.25 0.382683 0 0.92388
-0.353553 -0.25977 -0.353553 0.625 0 0.382683 0 0.92388
0 0.25977 -0.5 0.75 0.25 0.382683 0 0.92388
0.353553 0.25977 -0.353553 0.875 0.25 -0.382683 0 0.92388
0 -0.25977 -0.5 0.75 0 -0.382683 0 0.92388
0.353553 -0.25977 -0.353553 0.875 0 -0.382683 0 0.92388
0 0.25977 -0.5 0.75 0.25 -0.382683 0 0.92388
0 -0.25977 -0.5 0.75 0 -0.382683 0 0.92388
0.353553 0.25977 -0.353553 0.875 0.25 -0.382683 0 0.92388
0.5 0.25977 -0 1 0.25 -0.92388 0 0.382684
0.353553 -0.25977 -0.353553 0.875 0 -0.92388 0 0.382684
0.5 -0.25977 0 1 0 -0.92388 0 0.382684
0.353553 0.25977 -0.353553 0.875 0.25 -0.92388 0 0.382684
0.353553 -0.25977 -0.353553 0.875 0 -0.92388 0 0.382684
0.5 0.25977 -0 1 0.25 -0.92388 0 0.382684
0.707107 0.25977 0.707107 0.125 0.5 0 1 -0
0.5 0.25977 -0 0 0.25 0 1 -0
0.353553 0.25977 0.353553 0.125 0.25 0 1 -0
1 0.25977 -0 0 0.5 0 1 0
0.5 0.25977 -0 0 0.25 0 1 -0
0.707107 0.25977 0.707107 0.125 0.5 0 1 -0
0 0.25977 1 0.25 0.5 0 1 -0
0.353553 0.25977 0.353553 0.125 0.25 0 1 -0
0 0.25977 0.5 0.25 0.25 0 1 -0
0.707107 0.25977 0.707107 0.125 0.5 0 1 -0
0.353553 0.25977 0.353553 0.125 0.25 0 1 -0
0 0.25977 1 0.25 0.5 0 1 -0
-0.707107 0.25977 0.707107 0.375 0.5 0 1 -0
0 0.25977 0.5 0.25 0.25 0 1 -0
-0.353553 0.25977 0.353553 0.375 0.25 0 1 -0
0 0.25977 1 0.25 0.5 0 1 -0
0 0.25977 0.5 0.25 0.25 0 1 -0
-0.707107 0.25977 0.707107 0.375 0.5 0 1 -0
-1 0.25977 -0 0.5 0.5 0 1 -0
-0.353553 0.25977 0.353553 0.375 0.25 0 1 -0
-0.5 0.25977 -0 0.5 0.25 0 1 -0
-0.707107 0.25977 0.707107 0.375 0.5 0 1 -0
-0.353553 0.25977 0.353553 0.375 0.25 0 1 -0
-1 0.25977 -0 0.5 0.5 0 1 -0
-0.707107 0.25977 -0.707107 0.625 0.5 0 1 -0
-0.5 0.25977 -0 0.5 0.25 0 1 -0
-0.353553 0.25977 -0.353553 0.625 0.25 0 1 -0
-1 0.25977 -0 0.5 0.5 0 1 -0
-0.5 0.25977 -0 0.5 0.25 0 1 -0
-0.707107 0.25977 -0.707107 0.625 0.5 0 1 -0
0 0.25977 -1 0.75 0.5 0 1 -0
-0.353553 0.25977 -0.353553 0.625 0.25 0 1 -0
0 0.25977 -0.5 0.75 0.25 0 1 -0
-0.707107 0.25977 -0.707107 0.625 0.5 0 1 -0
-0.353553 0.25977 -0.353553 0.625 0.25 0 1 -0
0 0.25977 -1 0.75 0.5 0 1 -0
0.707107 0.25977 -0.707107 0.875 0.5 0 1 0
0 0.25977 -0.5 0.75 0.25 0 1 -0
0.353553 0.25977 -0.353553 0.875 0.25 0 1 0
0 0.25977 -1 0.75 0.5 0 1 -0
0 0.25977 -0.5 0.75 0.25 0 1 -0
0.707107 0.25977 -0.707107 0.875 0.5 0 1 0
1 0.25977 -0 1 0.5 0 1 0
0.353553 0.25977 -0.353553 0.875 0.25 0 1 0
0.5 0.25977 -0 1 0.25 0 1 -0
0.707107 0.25977 -0.707107 0.875 0.5 0 1 0
0.353553 0.25977 -0.353553 0.875 0.25 0 1 0
1 0.25977 -0 1 0.5 0 1 0
0.707107 -0.25977 0.707107 0.125 0.75 0.92388 0 0.382683
1 0.25977 -0 0 0.5 0.92388 0 0.382683
0.707107 0.25977 0.707107 0.125 0.5 0.92388 0 0.382683
1 -0.25977 0 0 0.75 0.92388 0 0.382683
1 0.25977 -0 0 0.5 0.92388 0 0.382683
0.707107 -0.25977 0.707107 0.125 0.75 0.92388 0 0.382683
0 -0.25977 1 0.25 0.75 0.382683 0 0.92388
0.707107 0.25977 0.707107 0.125 0.5 0.382683 0 0.92388
0 0.25977 1 0.25 0.5 0.382683 0 0.92388
0.707107 -0.25977 0.707107 0.125 0.75 0.382683 0 0.92388
0.707107 0.25977 0.707107 0.125 0.5 0.382683 0 0.92388
0 -0.25977 1 0.25 0.75 0.382683 0 0.92388
-0.707107 -0.25977 0.707107 0.375 0.75 -0.382683 0 0.92388
0 0.25977 1 0.25 0.5 -0.382683 0 0.92388
-0.707107 0.25977 0.707107 0.375 0.5 -0.382683 0 0.92388
0 -0.25977 1 0.25 0.75 -0.382683 0 0.92388
0 0.25977 1 0.25 0.5 -0.382683 0 0.92388
-0.707107 -0.25977 0.707107 0.375 0.75 -0.382683 0 0.92388
-1 -0.25977 0 0.5 0.75 -0.92388 0 0.382683
-0.707107 0.25977 0.707107 0.375 0.5 -0.92388 0 0.382683
-1 0.25977 -0 0.5 0.5 -0.92388 0 0.382683
-0.707107 -0.25977 0.707107 0.375 0.75 -0.92388 0 0.382683
-0.707107 0.25977 0.707107 0.375 0.5 -0.92388 0 0.382683
-1 -0.25977 0 0.5 0.75 -0.92388 0 0.382683
-0.707107 -0.25977 -0.707107 0.625 0.75 -0.92388 0 -0.382683
-1 0.25977 -0 0.5 0.5 -0.92388 0 -0.382683
-0.707107 0.25977 -0.707107 0.625 0.5 -0.92388 0 -0.382683
-1 -0.25977 0 0.5 0.75 -0.92388 0 -0.382683
-1 0.25977 -0 0.5 0.5 -0.92388 0 -0.382683
-0.707107 -0.25977 -0.707107 0.625 0.75 -0.92388 0 -0.382683
0 -0.25977 -1 0.75 0.75 -0.382683 0 -0.92388
-0.707107 0.25977 -0.707107 0.625 0.5 -0.382683 0 -0.92388
0 0.25977 -1 0.75 0.5 -0.382683 0 -0.92388
-0.707107 -0.25977 -0.707107 0.625 0.75 -0.382683 0 -0.92388
-0.707107 0.25977 -0.707107 0.625 0.5 -0.382683 0 -0.92388
0 -0.25977 -1 0.75 0.75 -0.382683 0 -0.92388
0.707107 -0.25977 -0.707107 0.875 0.75 0.382683 0 -0.92388
0 0.25977 -1 0.75 0.5 0.382683 0 -0.92388
0.707107 0.25977 -0.707107 0.875 0.5 0.382683 0 -0.92388
0 -0.25977 -1 0.75 0.75 0.382683 0 -0.92388
0 0.25977 -1 0.75 0.5 0.382683 0 -0.92388
0.707107 -0.25977 -0.707107 0.875 0.75 0.382683 0 -0.92388
1 -0.25977 0 1 0.75 0.92388 -0 -0.382684
0.707107 0.25977 -0.707107 0.875 0.5 0.92388 -0 -0.382684
1 0.25977 -0 1 0.5 0.92388 -0 -0.382684
0.707107 -0.25977 -0.707107 0.875 0.75 0.92388 0 -0.382684
0.707107 0.25977 -0.707107 0.875 0.5 0.92388 -0 -0.382684
1 -0.25977 0 1 0.75 0.92388 -0 -0.382684
0.353553 -0.25977 0.353553 0.125 1 0 -1 -0
1 -0.25977 0 0 0.75 0 -1 -0
0.707107 -0.25977 0.707107 0.125 0.75 0 -1 -0
0.5 -0.25977 0 0 1 0 -1 0
1 -0.25977 0 0 0.75 0 -1 -0
0.353553 -0.25977 0.353553 0.125 1 0 -1 -0
0 -0.25977 0.5 0.25 1 0 -1 -0
0.707107 -0.25977 0.707107 0.125 0.75 0 -1 -0
0 -0.25977 1 0.25 0.75 0 -1 -0
0.353553 -0.25977 0.353553 0.125 1 0 -1 -0
0.707107 -0.25977 0.707107 0.125 0.75 0 -1 -0
0 -0.25977 0.5 0.25 1 0 -1 -0
-0.353553 -0.25977 0.353553 0.375 1 0 -1 -0
0 -0.25977 1 0.25 0.75 0 -1 -0
-0.707107 -0.25977 0.707107 0.375 0.75 0 -1 -0
0 -0.25977 0.5 0.25 1 0 -1 -0
0 -0.25977 1 0.25 0.75 0 -1 -0
-0.353553 -0.25977 0.353553 0.375 1 0 -1 -0
-0.5 -0.25977 0 0.5 1 0 -1 -0
-0.707107 -0.25977 0.707107 0.375 0.75 0 -1 -0
-1 -0.25977 0 0.5 0.75 0 -1 -0
-0.353553 -0.25977 0.353553 0.375 1 0 -1 -0
-0.707107 -0.25977 0.707107 0.375 0.75 0 -1 -0
-0.5 -0.25977 0 0.5 1 0 -1 -0
-0.353553 -0.25977 -0.353553 0.625 1 0 -1 -0
-1 -0.25977 0 0.5 0.75 0 -1 -0
-0.707107 -0.25977 -0.707107 0.625 0.75 0 -1 -0
-0.5 -0.25977 0 0.5 1 0 -1 -0
-1 -0.25977 0 0.5 0.75 0 -1 -0
-0.353553 -0.25977 -0.353553 0.625 1 0 -1 -0
0 -0.25977 -0.5 0.75 1 0 -1 -0
-0.707107 -0.25977 -0.707107 0.625 0.75 0 -1 -0
0 -0.25977 -1 0.75 0.75 0 -1 -0
-0.353553 -0.25977 -0.353553 0.625 1 0 -1 -0
-0.707107 -0.25977 -0.707107 0.625 0.75 0 -1 -0
0 -0.25977 -0.5 0.75 1 0 -1 -0
0.353553 -0.25977 -0.353553 0.875 1 0 -1 -0
0 -0.25977 -1 0.75 0.75 0 -1 -0
0.707107 -0.25977 -0.707107 0.875 0.75 0 -1 -0
0 -0.25977 -0.5 0.75 1 0 -1 -0
0 -0.25977 -1 0.75 0.75 0 -1 -0
0.353553 -0.25977 -0.353553 0.875 1 0 -1 -0
0.5 -0.25977 0 1 1 0 -1 0
0.707107 -0.25977 -0.707107 0.875 0.75 0 -1 -0
1 -0.25977 0 1 0.75 0 -1 -0
0.353553 -0.25977 -0.353553 0.875 1 0 -1 -0
0.707107 -0.25977 -0.707107 0.875 0.75 0 -1 -0
0.5 -0.25977 0 1 1 0 -1 0
