Vertex Count: 288

Data:

-0 0.5 -0.25977 0.25 0.25 -0.707107 -0.707107 -0
0.5 0 0.25977 0 0 -0.707107 -0.707107 -0
-0 0.5 0.25977 0.25 0 -0.707107 -0.707107 -0
0.5 0 -0.25977 0 0.25 -0.707107 -0.707107 -0
0.5 0 0.25977 0 0 -0.707107 -0.707107 -0
-0 0.5 -0.25977 0.25 0.25 -0.707107 -0.707107 -0
-0.5 -0 -0.25977 0.5 0.25 0.707107 -0.707107 -0
-0 0.5 0.25977 0.25 0 0.707107 -0.707107 -0
-0.5 -0 0.25977 0.5 0 0.707107 -0.707107 -0
-0 0.5 -0.25977 0.25 0.25 0.707107 -0.707107 -0
-0 0.5 0.25977 0.25 0 0.707107 -0.707107 -0
-0.5 -0 -0.25977 0.5 0.25 0.707107 -0.707107 -0
0 -0.5 -0.25977 0.75 0.25 0.707107 0.707107 -0
-0.5 -0 0.25977 0.5 0 0.707107 0.707107 -0
0 -0.5 0.25977 0.75 0 0.707107 0.707107 -0
-0.5 -0 -0.25977 0.5 0.25 0.707107 0.707107 -0
-0.5 -0 0.25977 0.5 0 0.707107 0.707107 -0
0 -0.5 -0.25977 0.75 0.25 0.707107 0.707107 -0
0.5 0 -0.25977 1 0.25 -0.707107 0.707107 -0
0 -0.5 0.25977 0.75 0 -0.707107 0.707107 -0
0.5 0 0.25977 1 0 -0.707107 0.707107 -0
0 -0.5 -0.25977 0.75 0.25 -0.707107 0.707107 -0
0 -0.5 0.25977 0.75 0 -0.707107 0.707107 -0
0.5 0 -0.25977 1 0.25 -0.707107 0.707107 -0
-0 1 -0.25977 0.25 0.5 0 0 -1
0.5 0 -0.25977 0 0.25 0 0 -1
-0 0.5 -0.25977 0.25 0.25 0 0 -1
1 0 -0.25977 0 0.5 0 0 -1
0.5 0 -0.25977 0 0.25 0 0 -1
-0 1 -0.25977 0.25 0.5 0 0 -1
-1 -0 -0.25977 0.5 0.5 0 0 -1
-0 0.5 -0.25977 0.25 0.25 0 0 -1
-0.5 -0 -0.25977 0.5 0.25 -0 0 -1
-0 1 -0.25977 0.25 0.5 0 0 -1
-0 0.5 -0.25977 0.25 0.25 0 0 -1
-1 -0 -0.25977 0.5 0.5 0 0 -1
0 -1 -0.25977 0.75 0.5 -0 0 -1
-0.5 -0 -0.25977 0.5 0.25 -0 0 -1
0 -0.5 -0.25977 0.75 0.25 -0 0 -1
-1 -0 -0.25977 0.5 0.5 0 0 -1
-0.5 -0 -0.25977 0.5 0.25 -0 0 -1
0 -1 -0.25977 0.75 0.5 -0 0 -1
1 0 -0.25977 1 0.5 0 0 -1
0 -0.5 -0.25977 0.75 0.25 -0 0 -1
0.5 0 -0.25977 1 0.25 0 0 -1
0 -1 -0.25977 0.75 0.5 -0 0 -1
0 -0.5 -0.25977 0.75 0.25 -0 0 -1
1 0 -0.25977 1 0.5 0 0 -1
-0 1 0.25977 0.25 0.75 0.707107 0.707107 -0
1 0 -0.25977 0 0.5 0.707107 0.707107 -0
-0 1 -0.25977 0.25 0.5 0.707107 0.707107 -0
1 0 0.25977 0 0.75 0.707107 0.707107 -0
1 0 -0.25977 0 0.5 0.707107 0.707107 -0
-0 1 0.25977 0.25 0.75 0.707107 0.707107 -0
-1 -0 0.25977 0.5 0.75 -0.707107 0.707107 -0
-0 1 -0.25977 0.25 0.5 -0.707107 0.707107 -0
-1 -0 -0.25977 0.5 0.5 -0.707107 0.707107 -0
-0 1 0.25977 0.25 0.75 -0.707107 0.707107 -0
-0 1 -0.25977 0.25 0.5 -0.707107 0.707107 -0
-1 -0 0.25977 0.5 0.75 -0.707107 0.707107 -0
0 -1 0.25977 0.75 0.75 -0.707107 -0.707107 -0
-1 -0 -0.25977 0.5 0.5 -0.707107 -0.707107 -0
0 -1 -0.25977 0.75 0.5 -0.707107 -0.707107 -0
-1 -0 0.25977 0.5 0.75 -0.707107 -0.707107 -0
-1 -0 -0.25977 0.5 0.5 -0.707107 -0.707107 -0
0 -1 0.25977 0.75 0.75 -0.707107 -0.707107 -0
1 0 0.25977 1 0.75 0.707107 -0.707107 -0
0 -1 -0.25977 0.75 0.5 0.707107 -0.707107 -0
1 0 -0.25977 1 0.5 0.707107 -0.707107 -0
0 -1 0.25977 0.75 0.75 0.707107 -0.707107 -0
0 -1 -0.25977 0.75 0.5 0.707107 -0.707107 -0
1 0 0.25977 1 0.75 0.707107 -0.707107 -0
-0 0.5 0.25977 0.25 1 -0 0 1
1 0 0.25977 0 0.75 0 0 1
-0 1 0.25977 0.25 0.75 -0 0 1
0.5 0 0.25977 0 1 0 0 1
1 0 0.25977 0 0.75 0 0 1
-0 0.5 0.25977 0.25 1 -0 0 1
-0.5 -0 0.25977 0.5 1 0 0 1
-0 1 0.25977 0.25 0.75 -0 0 1
-1 -0 0.25977 0.5 0.75 0 0 1
-0 0.5 0.25977 0.25 1 -0 0 1
-0 1 0.25977 0.25 0.75 -0 0 1
-0.5 -0 0.25977 0.5 1 0 0 1
0 -0.5 0.25977 0.75 1 0 0 1
-1 -0 0.25977 0.5 0.75 0 0 1
0 -1 0.25977 0.75 0.75 0 0 1
-0.5 -0 0.25977 0.5 1 0 0 1
-1 -0 0.25977 0.5 0.75 0 0 1
0 -0.5 0.25977 0.75 1 0 0 1
0.5 0 0.25977 1 1 0 0 1
0 -1 0.25977 0.75 0.75 0 0 1
1 0 0.25977 1 0.75 0 0 1
0 -0.5 0.25977 0.75 1 0 0 1
0 -1 0.25977 0.75 0.75 0 0 1
0.5 0 0.25977 1 1 0 0 1
-0.25977 -0 0.5 0.25 0.25 0 -0.707107 -0.707107
0.25977 0.5 0 0 0 0 -0.707107 -0.707107
0.25977 -0 0.5 0.25 0 0 -0.707107 -0.707107
-0.25977 0.5 -0 0 0.25 0 -0.707107 -0.707107
0.25977 0.5 0 0 0 0 -0.707107 -0.707107
-0.25977 -0 0.5 0.25 0.25 0 -0.707107 -0.707107
-0.25977 -0.5 -0 0.5 0.25 0 0.707107 -0.707107
0.25977 -0 0.5 0.25 0 0 0.707107 -0.707107
0.25977 -0.5 -0 0.5 0 0 0.707107 -0.707107
-0.25977 -0 0.5 0.25 0.25 0 0.707107 -0.707107
0.25977 -0 0.5 0.25 0 0 0.707107 -0.707107
-0.25977 -0.5 -0 0.5 0.25 0 0.707107 -0.707107
-0.25977 0 -0.5 0.75 0.25 0 0.707107 0.707107
0.25977 -0.5 -0 0.5 0 0 0.707107 0.707107
0.25977 0 -0.5 0.75 0 0 0.707107 0.707107
-0.25977 -0.5 -0 0.5 0.25 0 0.707107 0.707107
0.25977 -0.5 -0 0.5 0 0 0.707107 0.707107
-0.25977 0 -0.5 0.75 0.25 0 0.707107 0.707107
-0.25977 0.5 -0 1 0.25 0 -0.707107 0.707107
0.25977 0 -0.5 0.75 0 0 -0.707107 0.707107
0.25977 0.5 0 1 0 0 -0.707107 0.707107
-0.25977 0 -0.5 0.75 0.25 0 -0.707107 0.707107
0.25977 0 -0.5 0.75 0 0 -0.707107 0.707107
-0.25977 0.5 -0 1 0.25 0 -0.707107 0.707107
-0.25977 -0 1 0.25 0.5 -1 0 -0
-0.25977 0.5 -0 0 0.25 -1 0 -0
-0.25977 -0 0.5 0.25 0.25 -1 0 -0
-0.25977 1 -0 0 0.5 -1 0 -0
-0.25977 0.5 -0 0 0.25 -1 0 -0
-0.25977 -0 1 0.25 0.5 -1 0 -0
-0.25977 -1 -0 0.5 0.5 -1 0 -0
-0.25977 -0 0.5 0.25 0.25 -1 0 -0
-0.25977 -0.5 -0 0.5 0.25 -1 -0 -0
-0.25977 -0 1 0.25 0.5 -1 0 -0
-0.25977 -0 0.5 0.25 0.25 -1 0 -0
-0.25977 -1 -0 0.5 0.5 -1 0 -0
-0.25977 0 -1 0.75 0.5 -1 -0 -0
-0.25977 -0.5 -0 0.5 0.25 -1 -0 -0
-0.25977 0 -0.5 0.75 0.25 -1 -0 -0
-0.25977 -1 -0 0.5 0.5 -1 0 -0
-0.25977 -0.5 -0 0.5 0.25 -1 -0 -0
-0.25977 0 -1 0.75 0.5 -1 -0 -0
-0.25977 1 -0 1 0.5 -1 0 -0
-0.25977 0 -0.5 0.75 0.25 -1 -0 -0
-0.25977 0.5 -0 1 0.25 -1 0 -0
-0.25977 0 -1 0.75 0.5 -1 -0 -0
-0.25977 0 -0.5 0.75 0.25 -1 -0 -0
-0.25977 1 -0 1 0.5 -1 0 -0
0.25977 -0 1 0.25 0.75 0 0.707107 0.707107
-0.25977 1 -0 0 0.5 0 0.707107 0.707107
-0.25977 -0 1 0.25 0.5 0 0.707107 0.707107
0.25977 1 0 0 0.75 0 0.707107 0.707107
-0.25977 1 -0 0 0.5 0 0.707107 0.707107
0.25977 -0 1 0.25 0.75 0 0.707107 0.707107
0.25977 -1 -0 0.5 0.75 0 -0.707107 0.707107
-0.25977 -0 1 0.25 0.5 0 -0.707107 0.707107
-0.25977 -1 -0 0.5 0.5 0 -0.707107 0.707107
0.25977 -0 1 0.25 0.75 0 -0.707107 0.707107
-0.25977 -0 1 0.25 0.5 0 -0.707107 0.707107
0.25977 -1 -0 0.5 0.75 0 -0.707107 0.707107
0.25977 0 -1 0.75 0.75 0 -0.707107 -0.707107
-0.25977 -1 -0 0.5 0.5 0 -0.707107 -0.707107
-0.25977 0 -1 0.75 0.5 0 -0.707107 -0.707107
0.25977 -1 -0 0.5 0.75 0 -0.707107 -0.707107
-0.25977 -1 -0 0.5 0.5 0 -0.707107 -0.707107
0.25977 0 -1 0.75 0.75 0 -0.707107 -0.707107
0.25977 1 0 1 0.75 0 0.707107 -0.707107
-0.25977 0 -1 0.75 0.5 0 0.707107 -0.707107
-0.25977 1 -0 1 0.5 0 0.707107 -0.707107
0.25977 0 -1 0.75 0.75 0 0.707107 -0.707107
-0.25977 0 -1 0.75 0.5 0 0.707107 -0.707107
0.25977 1 0 1 0.75 0 0.707107 -0.707107
0.25977 -0 0.5 0.25 1 1 -0 -0
0.25977 1 0 0 0.75 1 0 -0
0.25977 -0 1 0.25 0.75 1 -0 -0
0.25977 0.5 0 0 1 1 0 -0
0.25977 1 0 0 0.75 1 0 -0
0.25977 -0 0.5 0.25 1 1 -0 -0
0.25977 -0.5 -0 0.5 1 1 0 -0
0.25977 -0 1 0.25 0.75 1 -0 -0
0.25977 -1 -0 0.5 0.75 1 0 -0
0.25977 -0 0.5 0.25 1 1 -0 -0
0.25977 -0 1 0.25 0.75 1 -0 -0
0.25977 -0.5 -0 0.5 1 1 0 -0
0.25977 0 -0.5 0.75 1 1 0 -0
0.25977 -1 -0 0.5 0.75 1 0 -0
0.25977 0 -1 0.75 0.75 1 0 -0
0.25977 -0.5 -0 0.5 1 1 0 -0
0.25977 -1 -0 0.5 0.75 1 0 -0
0.25977 0 -0.5 0.75 1 1 0 -0
0.25977 0.5 0 1 1 1 0 -0
0.25977 0 -1 0.75 0.75 1 0 -0
0.25977 1 0 1 0.75 1 0 -0
0.25977 0 -0.5 0.75 1 1 0 -0
0.25977 0 -1 0.75 0.75 1 0 -0
0.25977 0.5 0 1 1 1 0 -0
-0 0.25977 0.5 0.25 0.25 -0.707107 0 -0.707107
0.5 -0.25977 0 0 0 -0.707107 0 -0.707107
-0 -0.25977 0.5 0.25 0 -0.707107 0 -0.707107
0.5 0.25977 -0 0 0.25 -0.707107 0 -0.707107
0.5 -0.25977 0 0 0 -0.707107 0 -0.707107
-0 0.25977 0.5 0.25 0.25 -0.707107 0 -0.707107
-0.5 0.25977 -0 0.5 0.25 0.707107 0 -0.707107
-0 -0.25977 0.5 0.25 0 0.707107 0 -0.707107
-0.5 -0.25977 -0 0.5 0 0.707107 0 -0.707107
-0 0.25977 0.5 0.25 0.25 0.707107 0 -0.707107
-0 -0.25977 0.5 0.25 0 0.707107 0 -0.707107
-0.5 0.25977 -0 0.5 0.25 0.707107 0 -0.707107
0 0.25977 -0.5 0.75 0.25 0.707107 0 0.707107
-0.5 -0.25977 -0 0.5 0 0.707107 0 0.707107
0 -0.25977 -0.5 0.75 0 0.707107 0 0.707107
-0.5 0.25977 -0 0.5 0.25 0.707107 0 0.707107
-0.5 -0.25977 -0 0.5 0 0.707107 0 0.707107
0 0.25977 -0.5 0.75 0.25 0.707107 0 0.707107
0.5 0.25977 -0 1 0.25 -0.707107 0 0.707107
0 -0.25977 -0.5 0.75 0 -0.707107 0 0.707107
0.5 -0.25977 0 1 0 -0.707107 0 0.707107
0 0.25977 -0.5 0.75 0.25 -0.707107 0 0.707107
0 -0.25977 -0.5 0.75 0 -0.707107 0 0.707107
0.5 0.25977 -0 1 0.25 -0.707107 0 0.707107
-0 0.25977 1 0.25 0.5 0 1 0
0.5 0.25977 -0 0 0.25 0 1 -0
-0 0.25977 0.5 0.25 0.25 0 1 0
1 0.25977 -0 0 0.5 0 1 0
0.5 0.25977 -0 0 0.25 0 1 -0
-0 0.25977 1 0.25 0.5 0 1 0
-1 0.25977 -0 0.5 0.5 0 1 0
-0 0.25977 0.5 0.25 0.25 0 1 0
-0.5 0.25977 -0 0.5 0.25 0 1 -0
-0 0.25977 1 0.25 0.5 0 1 0
-0 0.25977 0.5 0.25 0.25 0 1 0
-1 0.25977 -0 0.5 0.5 0 1 0
0 0.25977 -1 0.75 0.5 0 1 0
-0.5 0.25977 -0 0.5 0.25 0 1 -0
0 0.25977 -0.5 0.75 0.25 0 1 0
-1 0.25977 -0 0.5 0.5 0 1 0
-0.5 0.25977 -0 0.5 0.25 0 1 -0
0 0.25977 -1 0.75 0.5 0 1 0
1 0.25977 -0 1 0.5 0 1 0
0 0.25977 -0.5 0.75 0.25 0 1 0
0.5 0.25977 -0 1 0.25 0 1 -0
0 0.25977 -1 0.75 0.5 0 1 0
0 0.25977 -0.5 0.75 0.25 0 1 0
1 0.25977 -0 1 0.5 0 1 0
-0 -0.25977 1 0.25 0.75 0.707107 0 0.707107
1 0.25977 -0 0 0.5 0.707107 0 0.707107
-0 0.25977 1 0.25 0.5 0.707107 0 0.707107
1 -0.25977 0 0 0.75 0.707107 0 0.707107
1 0.25977 -0 0 0.5 0.707107 0 0.707107
-0 -0.25977 1 0.25 0.75 0.707107 0 0.707107
-1 -0.25977 -0 0.5 0.75 -0.707107 0 0.707107
-0 0.25977 1 0.25 0.5 -0.707107 0 0.707107
-1 0.25977 -0 0.5 0.5 -0.707107 0 0.707107
-0 -0.25977 1 0.25 0.75 -0.707107 0 0.707107
-0 0.25977 1 0.25 0.5 -0.707107 0 0.707107
-1 -0.25977 -0 0.5 0.75 -0.707107 0 0.707107
0 -0.25977 -1 0.75 0.75 -0.707107 0 -0.707107
-1 0.25977 -0 0.5 0.5 -0.707107 0 -0.707107
0 0.25977 -1 0.75 0.5 -0.707107 0 -0.707107
-1 -0.25977 -0 0.5 0.75 -0.707107 0 -0.707107
-1 0.25977 -0 0.5 0.5 -0.707107 0 -0.707107
0 -0.25977 -1 0.75 0.75 -0.707107 0 -0.707107
1 -0.25977 0 1 0.75 0.707107 -0 -0.707107
0 0.25977 -1 0.75 0.5 0.707107 -0 -0.707107
1 0.25977 -0 1 0.5 0.707107 -0 -0.707107
0 -0.25977 -1 0.75 0.75 0.707107 0 -0.707107
0 0.25977 -1 0.75 0.5 0.707107 -0 -0.707107
1 -0.25977 0 1 0.75 0.707107 -0 -0.707107
-0 -0.25977 0.5 0.25 1 0 -1 0
1 -0.25977 0 0 0.75 0 -1 0
-0 -0.25977 1 0.25 0.75 0 -1 0
0.5 -0.25977 0 0 1 0 -1 -0
1 -0.25977 0 0 0.75 0 -1 0
-0 -0.25977 0.5 0.25 1 0 -1 0
-0.5 -0.25977 -0 0.5 1 0 -1 0
-0 -0.25977 1 0.25 0.75 0 -1 0
-1 -0.25977 -0 0.5 0.75 0 -1 0
-0 -0.25977 0.5 0.25 1 0 -1 0
-0 -0.25977 1 0.25 0.75 0 -1 0
-0.5 -0.25977 -0 0.5 1 0 -1 0
0 -0.25977 -0.5 0.75 1 0 -1 -0
-1 -0.25977 -0 0.5 0.75 0 -1 0
0 -0.25977 -1 0.75 0.75 0 -1 -0
-0.5 -0.25977 -0 0.5 1 0 -1 0
-1 -0.25977 -0 0.5 0.75 0 -1 0
0 -0.25977 -0.5 0.75 1 0 -1 -0
0.5 -0.25977 0 1 1 0 -1 -0
0 -0.25977 -1 0.75 0.75 0 -1 -0
1 -0.25977 0 1 0.75 0 -1 0
0 -0.25977 -0.5 0.75 1 0 -1 -0
0 -0.25977 -1 0.75 0.75 0 -1 -0
0.5 -0.25977 0 1 1 0 -1 -0
