Vertex Count: 114

Data:

0 -0.5 1 0.5 1 0 -1 -0
1 -0.5 -0 0.75 0.75 0 -1 -0
0.707107 -0.5 0.707107 0.676777 0.926777 0 -1 -0
0 -0.5 1 0.5 1 0 -1 -0
0.707107 -0.5 -0.707107 0.676777 0.573223 0 -1 -0
1 -0.5 -0 0.75 0.75 0 -1 -0
0 -0.5 1 0.5 1 0 -1 -0
0 -0.5 -1 0.5 0.5 0 -1 -0
0.707107 -0.5 -0.707107 0.676777 0.573223 0 -1 -0
0 -0.5 1 0.5 1 0 -1 -0
-0.707107 -0.5 -0.707107 0.323223 0.573223 0 -1 -0
0 -0.5 -1 0.5 0.5 0 -1 -0
0 -0.5 1 0.5 1 0 -1 -0
-1 -0.5 -0 0.25 0.75 0 -1 -0
-0.707107 -0.5 -0.707107 0.323223 0.573223 0 -1 -0
0 -0.5 1 0.5 1 0 -1 -0
-0.707107 -0.5 0.707107 0.323223 0.926777 0 -1 -0
-1 -0.5 -0 0.25 0.75 0 -1 -0
0.078283 0.688992 0.188992 0.5 0 0.281085 0.678598 0.678598
0.078283 -0.311008 1.18899 0.3125 0.5 0.281085 0.678598 0.678598
0.78539 -0.311008 0.896099 0.25 0.5 0.281085 0.678598 0.678598
0 0.5 -0 0.5 0 -0.281085 0.678598 0.678598
-0.707107 -0.5 0.707107 0.375 0.5 -0.281085 0.678598 0.678598
0 -0.5 1 0.3125 0.5 -0.281085 0.678598 0.678598
-0.188992 0.688992 0.078283 0.5 0 -0.678598 0.678598 0.281085
-1.18899 -0.311008 0.078283 0.4375 0.5 -0.678598 0.678598 0.281085
-0.896099 -0.311008 0.78539 0.375 0.5 -0.678598 0.678598 0.281085
0 0.5 -0 0.5 0 -0.678598 0.678598 -0.281085
-0.707107 -0.5 -0.707107 0.5 0.5 -0.678598 0.678598 -0.281085
-1 -0.5 -0 0.4375 0.5 -0.678598 0.678598 -0.281085
-0.078283 0.688992 -0.188992 0.5 0 -0.281085 0.678598 -0.678598
-0.078283 -0.311008 -1.18899 0.5625 0.5 -0.281085 0.678598 -0.678598
-0.78539 -0.311008 -0.896099 0.5 0.5 -0.281085 0.678598 -0.678598
0 0.5 -0 0.5 0 0.281085 0.678598 -0.678598
0.707107 -0.5 -0.707107 0.625 0.5 0.281085 0.678598 -0.678598
0 -0.5 -1 0.5625 0.5 0.281085 0.678598 -0.678598
0.188992 0.688992 -0.078283 0.5 0 0.678598 0.678598 -0.281085
1.18899 -0.311008 -0.078283 0.6875 0.5 0.678598 0.678598 -0.281085
0.896099 -0.311008 -0.78539 0.625 0.5 0.678598 0.678598 -0.281085
0 0.5 -0 0.5 0 0.678598 0.678598 0.281085
0.707107 -0.5 0.707107 0.75 0.5 0.678598 0.678598 0.281085
1 -0.5 -0 0.6875 0.5 0.678598 0.678598 0.281085
0.78539 -0.311008 0.896099 0.25 0.5 0.259688 -0.73451 0.626943
0 -0.5 1 0.3125 0.5 0.259688 -0.73451 0.626943
0.707107 -0.5 0.707107 0.25 0.5 0.259688 -0.73451 0.626943
0.078283 -0.311008 1.18899 0.3125 0.5 0.259688 -0.73451 0.626943
0 -0.5 1 0.3125 0.5 0.259688 -0.73451 0.626943
0.78539 -0.311008 0.896099 0.25 0.5 0.259688 -0.73451 0.626943
0.078283 -0.311008 1.18899 0.3125 0.5 -0.959683 0.198757 0.198757
0 0.5 -0 0.5 0 -0.959683 0.198757 0.198757
0 -0.5 1 0.3125 0.5 -0.959683 0.198757 0.198757
0.078283 0.688992 0.188992 0.5 0 -0.959683 0.198757 0.198757
0 0.5 -0 0.5 0 -0.959683 0.198757 0.198757
0.078283 -0.311008 1.18899 0.3125 0.5 -0.959683 0.198757 0.198757
0.078283 0.688992 0.188992 0.5 0 0.819141 0.198757 -0.538056
0.707107 -0.5 0.707107 0.25 0.5 0.819141 0.198757 -0.538056
0 0.5 -0 0.5 0 0.819141 0.198757 -0.538056
0.78539 -0.311008 0.896099 0.25 0.5 0.819141 0.198757 -0.538056
0.707107 -0.5 0.707107 0.25 0.5 0.819141 0.198757 -0.538056
0.078283 0.688992 0.188992 0.5 0 0.819141 0.198757 -0.538056
-0.896099 -0.311008 0.78539 0.375 0.5 -0.626943 -0.73451 0.259688
-1 -0.5 -0 0.4375 0.5 -0.626943 -0.73451 0.259688
-0.707107 -0.5 0.707107 0.375 0.5 -0.626943 -0.73451 0.259688
-1.18899 -0.311008 0.078283 0.4375 0.5 -0.626943 -0.73451 0.259688
-1 -0.5 -0 0.4375 0.5 -0.626943 -0.73451 0.259688
-0.896099 -0.311008 0.78539 0.375 0.5 -0.626943 -0.73451 0.259688
-1.18899 -0.311008 0.078283 0.4375 0.5 -0.198757 0.198757 -0.959683
0 0.5 -0 0.5 0 -0.198757 0.198757 -0.959683
-1 -0.5 -0 0.4375 0.5 -0.198757 0.198757 -0.959683
-0.188992 0.688992 0.078283 0.5 0 -0.198757 0.198757 -0.959683
0 0.5 -0 0.5 0 -0.198757 0.198757 -0.959683
-1.18899 -0.311008 0.078283 0.4375 0.5 -0.198757 0.198757 -0.959683
-0.188992 0.688992 0.078283 0.5 0 0.538056 0.198757 0.819141
-0.707107 -0.5 0.707107 0.375 0.5 0.538056 0.198757 0.819141
0 0.5 -0 0.5 0 0.538056 0.198757 0.819141
-0.896099 -0.311008 0.78539 0.375 0.5 0.538056 0.198757 0.819141
-0.707107 -0.5 0.707107 0.375 0.5 0.538056 0.198757 0.819141
-0.188992 0.688992 0.078283 0.5 0 0.538056 0.198757 0.819141
-0.78539 -0.311008 -0.896099 0.5 0.5 -0.259688 -0.73451 -0.626943
0 -0.5 -1 0.5625 0.5 -0.259688 -0.73451 -0.626943
-0.707107 -0.5 -0.707107 0.5 0.5 -0.259688 -0.73451 -0.626943
-0.078283 -0.311008 -1.18899 0.5625 0.5 -0.259688 -0.73451 -0.626943
0 -0.5 -1 0.5625 0.5 -0.259688 -0.73451 -0.626943
-0.78539 -0.311008 -0.896099 0.5 0.5 -0.259688 -0.73451 -0.626943
-0.078283 -0.311008 -1.18899 0.5625 0.5 0.959683 0.198757 -0.198757
0 0.5 -0 0.5 0 0.959683 0.198757 -0.198757
0 -0.5 -1 0.5625 0.5 0.959683 0.198757 -0.198757
-0.078283 0.688992 -0.188992 0.5 0 0.959683 0.198757 -0.198757
0 0.5 -0 0.5 0 0.959683 0.198757 -0.198757
-0.078283 -0.311008 -1.18899 0.5625 0.5 0.959683 0.198757 -0.198757
-0.078283 0.688992 -0.188992 0.5 0 -0.819141 0.198757 0.538056
-0.707107 -0.5 -0.707107 0.5 0.5 -0.819141 0.198757 0.538056
0 0.5 -0 0.5 0 -0.819141 0.198757 0.538056
-0.78539 -0.311008 -0.896099 0.5 0.5 -0.819141 0.198757 0.538056
-0.707107 -0.5 -0.707107 0.5 0.5 -0.819141 0.198757 0.538056
-0.078283 0.688992 -0.188992 0.5 0 -0.819141 0.198757 0.538056
0.896099 -0.311008 -0.78539 0.625 0.5 0.626943 -0.73451 -0.259688
1 -0.5 -0 0.6875 0.5 0.626943 -0.734509 -0.259688
0.707107 -0.5 -0.707107 0.625 0.5 0.626943 -0.73451 -0.259688
1.18899 -0.311008 -0.078283 0.6875 0.5 0.626943 -0.734509 -0.259688
1 -0.5 -0 0.6875 0.5 0.626943 -0.734509 -0.259688
0.896099 -0.311008 -0.78539 0.625 0.5 0.626943 -0.73451 -0.259688
1.18899 -0.311008 -0.078283 0.6875 0.5 0.198757 0.198757 0.959683
0 0.5 -0 0.5 0 0.198757 0.198757 0.959683
1 -0.5 -0 0.6875 0.5 0.198757 0.198757 0.959683
0.188992 0.688992 -0.078283 0.5 0 0.198757 0.198757 0.959683
0 0.5 -0 0.5 0 0.198757 0.198757 0.959683
1.18899 -0.311008 -0.078283 0.6875 0.5 0.198757 0.198757 0.959683
0.188992 0.688992 -0.078283 0.5 0 -0.538056 0.198757 -0.819141
0.707107 -0.5 -0.707107 0.625 0.5 -0.538056 0.198757 -0.819141
0 0.5 -0 0.5 0 -0.538056 0.198757 -0.819141
0.896099 -0.311008 -0.78539 0.625 0.5 -0.538056 0.198757 -0.819141
0.707107 -0.5 -0.707107 0.625 0.5 -0.538056 0.198757 -0.819141
0.188992 0.688992 -0.078283 0.5 0 -0.538056 0.198757 -0.819141
