Vertex Count: 18

Data:

-1 -0.5 0 0.25 0.75 0 -1 -0
1 -0.5 -0 0.75 0.75 0 -1 -0
0 -0.5 1 0.5 1 0 -1 -0
-0 -0.5 -1 0.5 0.5 0 -1 -0
1 -0.5 -0 0.75 0.75 0 -1 -0
-1 -0.5 0 0.25 0.75 0 -1 -0
0 0.5 -0 0.5 0 -0.57735 0.57735 0.57735
-1 -0.5 0 0.375 0.5 -0.57735 0.57735 0.57735
0 -0.5 1 0.25 0.5 -0.57735 0.57735 0.57735
0 0.5 -0 0.5 0 -0.57735 0.57735 -0.57735
-0 -0.5 -1 0.5 0.5 -0.57735 0.57735 -0.57735
-1 -0.5 0 0.375 0.5 -0.57735 0.57735 -0.57735
0 0.5 -0 0.5 0 0.57735 0.57735 -0.57735
1 -0.5 -0 0.625 0.5 0.57735 0.57735 -0.57735
-0 -0.5 -1 0.5 0.5 0.57735 0.57735 -0.57735
0 0.5 -0 0.5 0 0.57735 0.57735 0.57735
0 -0.5 1 0.75 0.5 0.57735 0.57735 0.57735
1 -0.5 -0 0.625 0.5 0.57735 0.57735 0.57735
