Vertex Count: 540

Data:

0.475528 -0.809017 0.345492 0 0.8 0.277578 -0.881468 0.382053
0.095491 -0.951057 0.293893 0.1 0.9 0.277578 -0.881468 0.382053
0.25 -0.951057 0.181636 0 0.9 0.277578 -0.881468 0.382053
0.181636 -0.809017 0.559017 0.1 0.8 0.277578 -0.881468 0.382053
0.095491 -0.951057 0.293893 0.1 0.9 0.277578 -0.881468 0.382053
0.475528 -0.809017 0.345492 0 0.8 0.277578 -0.881468 0.382053
0.181636 -0.809017 0.559017 0.1 0.8 -0 -0.881468 0.472244
-0.095492 -0.951057 0.293893 0.2 0.9 -0 -0.881468 0.472244
0.095491 -0.951057 0.293893 0.1 0.9 0 -0.881468 0.472244
-0.181636 -0.809017 0.559017 0.2 0.8 -0 -0.881468 0.472243
-0.095492 -0.951057 0.293893 0.2 0.9 -0 -0.881468 0.472244
0.181636 -0.809017 0.559017 0.1 0.8 -0 -0.881468 0.472244
-0.181636 -0.809017 0.559017 0.2 0.8 -0.277578 -0.881468 0.382053
-0.25 -0.951057 0.181636 0.3 0.9 -0.277578 -0.881468 0.382053
-0.095492 -0.951057 0.293893 0.2 0.9 -0.277578 -0.881468 0.382053
-0.475528 -0.809017 0.345491 0.3 0.8 -0.277578 -0.881468 0.382053
-0.25 -0.951057 0.181636 0.3 0.9 -0.277578 -0.881468 0.382053
-0.181636 -0.809017 0.559017 0.2 0.8 -0.277578 -0.881468 0.382053
-0.475528 -0.809017 0.345491 0.3 0.8 -0.44913 -0.881468 0.145931
-0.309017 -0.951057 -0 0.4 0.9 -0.44913 -0.881468 0.145931
-0.25 -0.951057 0.181636 0.3 0.9 -0.44913 -0.881468 0.145932
-0.587785 -0.809017 -0 0.4 0.8 -0.44913 -0.881468 0.145931
-0.309017 -0.951057 -0 0.4 0.9 -0.44913 -0.881468 0.145931
-0.475528 -0.809017 0.345491 0.3 0.8 -0.44913 -0.881468 0.145931
-0.587785 -0.809017 -0 0.4 0.8 -0.449131 -0.881468 -0.145931
-0.25 -0.951057 -0.181636 0.5 0.9 -0.449131 -0.881468 -0.145931
-0.309017 -0.951057 -0 0.4 0.9 -0.44913 -0.881468 -0.145931
-0.475528 -0.809017 -0.345492 0.5 0.8 -0.449131 -0.881468 -0.145932
-0.25 -0.951057 -0.181636 0.5 0.9 -0.449131 -0.881468 -0.145931
-0.587785 -0.809017 -0 0.4 0.8 -0.449131 -0.881468 -0.145931
-0.475528 -0.809017 -0.345492 0.5 0.8 -0.277578 -0.881468 -0.382053
-0.095491 -0.951057 -0.293893 0.6 0.9 -0.277578 -0.881468 -0.382053
-0.25 -0.951057 -0.181636 0.5 0.9 -0.277578 -0.881468 -0.382053
-0.181636 -0.809017 -0.559017 0.6 0.8 -0.277578 -0.881468 -0.382053
-0.095491 -0.951057 -0.293893 0.6 0.9 -0.277578 -0.881468 -0.382053
-0.475528 -0.809017 -0.345492 0.5 0.8 -0.277578 -0.881468 -0.382053
-0.181636 -0.809017 -0.559017 0.6 0.8 0 -0.881468 -0.472244
0.095492 -0.951057 -0.293893 0.7 0.9 0 -0.881468 -0.472244
-0.095491 -0.951057 -0.293893 0.6 0.9 0 -0.881468 -0.472244
0.181636 -0.809017 -0.559017 0.7 0.8 0 -0.881468 -0.472244
0.095492 -0.951057 -0.293893 0.7 0.9 0 -0.881468 -0.472244
-0.181636 -0.809017 -0.559017 0.6 0.8 0 -0.881468 -0.472244
0.181636 -0.809017 -0.559017 0.7 0.8 0.277578 -0.881468 -0.382053
0.25 -0.951057 -0.181636 0.8 0.9 0.277578 -0.881468 -0.382053
0.095492 -0.951057 -0.293893 0.7 0.9 0.277578 -0.881468 -0.382053
0.475528 -0.809017 -0.345491 0.8 0.8 0.277578 -0.881468 -0.382053
0.25 -0.951057 -0.181636 0.8 0.9 0.277578 -0.881468 -0.382053
0.181636 -0.809017 -0.559017 0.7 0.8 0.277578 -0.881468 -0.382053
0.475528 -0.809017 -0.345491 0.8 0.8 0.449131 -0.881468 -0.145931
0.309017 -0.951057 -0 0.9 0.9 0.449131 -0.881468 -0.145931
0.25 -0.951057 -0.181636 0.8 0.9 0.44913 -0.881468 -0.145931
0.587785 -0.809017 -0 0.9 0.8 0.449131 -0.881468 -0.145931
0.309017 -0.951057 -0 0.9 0.9 0.449131 -0.881468 -0.145931
0.475528 -0.809017 -0.345491 0.8 0.8 0.449131 -0.881468 -0.145931
0.587785 -0.809017 -0 0.9 0.8 0.449131 -0.881468 0.145931
0.25 -0.951057 0.181636 1 0.9 0.449131 -0.881468 0.145931
0.309017 -0.951057 -0 0.9 0.9 0.449131 -0.881468 0.145931
0.475528 -0.809017 0.345492 1 0.8 0.449131 -0.881468 0.145931
0.25 -0.951057 0.181636 1 0.9 0.449131 -0.881468 0.145931
0.587785 -0.809017 -0 0.9 0.8 0.449131 -0.881468 0.145931
0.654509 -0.587785 0.475528 0 0.7 0.425919 -0.689152 0.586227
0.181636 -0.809017 0.559017 0.1 0.8 0.425919 -0.689152 0.586227
0.475528 -0.809017 0.345492 0 0.8 0.425919 -0.689152 0.586227
0.25 -0.587785 0.769421 0.1 0.7 0.425919 -0.689152 0.586227
0.181636 -0.809017 0.559017 0.1 0.8 0.425919 -0.689152 0.586227
0.654509 -0.587785 0.475528 0 0.7 0.425919 -0.689152 0.586227
0.25 -0.587785 0.769421 0.1 0.7 -0 -0.689152 0.724617
-0.181636 -0.809017 0.559017 0.2 0.8 -0 -0.689152 0.724617
0.181636 -0.809017 0.559017 0.1 0.8 -0 -0.689152 0.724617
-0.25 -0.587785 0.769421 0.2 0.7 0 -0.689152 0.724617
-0.181636 -0.809017 0.559017 0.2 0.8 -0 -0.689152 0.724617
0.25 -0.587785 0.769421 0.1 0.7 -0 -0.689152 0.724617
-0.25 -0.587785 0.769421 0.2 0.7 -0.425919 -0.689152 0.586227
-0.475528 -0.809017 0.345491 0.3 0.8 -0.425919 -0.689152 0.586227
-0.181636 -0.809017 0.559017 0.2 0.8 -0.425919 -0.689152 0.586228
-0.654509 -0.587785 0.475528 0.3 0.7 -0.425919 -0.689152 0.586227
-0.475528 -0.809017 0.345491 0.3 0.8 -0.425919 -0.689152 0.586227
-0.25 -0.587785 0.769421 0.2 0.7 -0.425919 -0.689152 0.586227
-0.654509 -0.587785 0.475528 0.3 0.7 -0.689152 -0.689152 0.223919
-0.587785 -0.809017 -0 0.4 0.8 -0.689152 -0.689152 0.223919
-0.475528 -0.809017 0.345491 0.3 0.8 -0.689152 -0.689152 0.223919
-0.809017 -0.587785 -0 0.4 0.7 -0.689152 -0.689152 0.223919
-0.587785 -0.809017 -0 0.4 0.8 -0.689152 -0.689152 0.223919
-0.654509 -0.587785 0.475528 0.3 0.7 -0.689152 -0.689152 0.223919
-0.809017 -0.587785 -0 0.4 0.7 -0.689152 -0.689152 -0.223919
-0.475528 -0.809017 -0.345492 0.5 0.8 -0.689152 -0.689152 -0.223919
-0.587785 -0.809017 -0 0.4 0.8 -0.689152 -0.689152 -0.223919
-0.654509 -0.587785 -0.475528 0.5 0.7 -0.689152 -0.689152 -0.223919
-0.475528 -0.809017 -0.345492 0.5 0.8 -0.689152 -0.689152 -0.223919
-0.809017 -0.587785 -0 0.4 0.7 -0.689152 -0.689152 -0.223919
-0.654509 -0.587785 -0.475528 0.5 0.7 -0.425919 -0.689152 -0.586227
-0.181636 -0.809017 -0.559017 0.6 0.8 -0.425919 -0.689152 -0.586227
-0.475528 -0.809017 -0.345492 0.5 0.8 -0.425919 -0.689152 -0.586228
-0.25 -0.587785 -0.769421 0.6 0.7 -0.425919 -0.689152 -0.586227
-0.181636 -0.809017 -0.559017 0.6 0.8 -0.425919 -0.689152 -0.586227
-0.654509 -0.587785 -0.475528 0.5 0.7 -0.425919 -0.689152 -0.586227
-0.25 -0.587785 -0.769421 0.6 0.7 0 -0.689152 -0.724617
0.181636 -0.809017 -0.559017 0.7 0.8 0 -0.689152 -0.724617
-0.181636 -0.809017 -0.559017 0.6 0.8 0 -0.689152 -0.724617
0.25 -0.587785 -0.769421 0.7 0.7 0 -0.689152 -0.724617
0.181636 -0.809017 -0.559017 0.7 0.8 0 -0.689152 -0.724617
-0.25 -0.587785 -0.769421 0.6 0.7 0 -0.689152 -0.724617
0.25 -0.587785 -0.769421 0.7 0.7 0.425919 -0.689152 -0.586227
0.475528 -0.809017 -0.345491 0.8 0.8 0.425919 -0.689152 -0.586227
0.181636 -0.809017 -0.559017 0.7 0.8 0.425919 -0.689152 -0.586228
0.654509 -0.587785 -0.475528 0.8 0.7 0.425919 -0.689152 -0.586227
0.475528 -0.809017 -0.345491 0.8 0.8 0.425919 -0.689152 -0.586227
0.25 -0.587785 -0.769421 0.7 0.7 0.425919 -0.689152 -0.586227
0.654509 -0.587785 -0.475528 0.8 0.7 0.689152 -0.689152 -0.223919
0.587785 -0.809017 -0 0.9 0.8 0.689152 -0.689152 -0.223919
0.475528 -0.809017 -0.345491 0.8 0.8 0.689152 -0.689152 -0.223919
0.809017 -0.587785 -0 0.9 0.7 0.689152 -0.689152 -0.223919
0.587785 -0.809017 -0 0.9 0.8 0.689152 -0.689152 -0.223919
0.654509 -0.587785 -0.475528 0.8 0.7 0.689152 -0.689152 -0.223919
0.809017 -0.587785 -0 0.9 0.7 0.689152 -0.689152 0.223919
0.475528 -0.809017 0.345492 1 0.8 0.689152 -0.689152 0.223919
0.587785 -0.809017 -0 0.9 0.8 0.689152 -0.689152 0.223919
0.654509 -0.587785 0.475528 1 0.7 0.689152 -0.689152 0.223919
0.475528 -0.809017 0.345492 1 0.8 0.689152 -0.689152 0.223919
0.809017 -0.587785 -0 0.9 0.7 0.689152 -0.689152 0.223919
0.769421 -0.309017 0.559017 0 0.6 0.528952 -0.436083 0.72804
0.25 -0.587785 0.769421 0.1 0.7 0.528952 -0.436083 0.72804
0.654509 -0.587785 0.475528 0 0.7 0.528952 -0.436084 0.728039
0.293893 -0.309017 0.904509 0.1 0.6 0.528951 -0.436083 0.72804
0.25 -0.587785 0.769421 0.1 0.7 0.528952 -0.436083 0.72804
0.769421 -0.309017 0.559017 0 0.6 0.528952 -0.436083 0.72804
0.293893 -0.309017 0.904509 0.1 0.6 -0 -0.436083 0.899906
-0.25 -0.587785 0.769421 0.2 0.7 -0 -0.436083 0.899906
0.25 -0.587785 0.769421 0.1 0.7 0 -0.436084 0.899906
-0.293893 -0.309017 0.904509 0.2 0.6 -0 -0.436083 0.899906
-0.25 -0.587785 0.769421 0.2 0.7 -0 -0.436083 0.899906
0.293893 -0.309017 0.904509 0.1 0.6 -0 -0.436083 0.899906
-0.293893 -0.309017 0.904509 0.2 0.6 -0.528952 -0.436084 0.728039
-0.654509 -0.587785 0.475528 0.3 0.7 -0.528952 -0.436083 0.728039
-0.25 -0.587785 0.769421 0.2 0.7 -0.528952 -0.436084 0.728039
-0.769421 -0.309017 0.559017 0.3 0.6 -0.528952 -0.436083 0.728039
-0.654509 -0.587785 0.475528 0.3 0.7 -0.528952 -0.436083 0.728039
-0.293893 -0.309017 0.904509 0.2 0.6 -0.528952 -0.436084 0.728039
-0.769421 -0.309017 0.559017 0.3 0.6 -0.855862 -0.436084 0.278086
-0.809017 -0.587785 -0 0.4 0.7 -0.855862 -0.436083 0.278086
-0.654509 -0.587785 0.475528 0.3 0.7 -0.855862 -0.436084 0.278086
-0.951057 -0.309017 -0 0.4 0.6 -0.855862 -0.436083 0.278086
-0.809017 -0.587785 -0 0.4 0.7 -0.855862 -0.436083 0.278086
-0.769421 -0.309017 0.559017 0.3 0.6 -0.855862 -0.436084 0.278086
-0.951057 -0.309017 -0 0.4 0.6 -0.855862 -0.436083 -0.278086
-0.654509 -0.587785 -0.475528 0.5 0.7 -0.855862 -0.436083 -0.278086
-0.809017 -0.587785 -0 0.4 0.7 -0.855862 -0.436083 -0.278086
-0.769421 -0.309017 -0.559017 0.5 0.6 -0.855862 -0.436083 -0.278086
-0.654509 -0.587785 -0.475528 0.5 0.7 -0.855862 -0.436083 -0.278086
-0.951057 -0.309017 -0 0.4 0.6 -0.855862 -0.436083 -0.278086
-0.769421 -0.309017 -0.559017 0.5 0.6 -0.528952 -0.436083 -0.728039
-0.25 -0.587785 -0.769421 0.6 0.7 -0.528952 -0.436083 -0.728039
-0.654509 -0.587785 -0.475528 0.5 0.7 -0.528952 -0.436084 -0.72804
-0.293893 -0.309017 -0.904509 0.6 0.6 -0.528952 -0.436083 -0.728039
-0.25 -0.587785 -0.769421 0.6 0.7 -0.528952 -0.436083 -0.728039
-0.769421 -0.309017 -0.559017 0.5 0.6 -0.528952 -0.436083 -0.728039
-0.293893 -0.309017 -0.904509 0.6 0.6 0 -0.436083 -0.899906
0.25 -0.587785 -0.769421 0.7 0.7 0 -0.436083 -0.899906
-0.25 -0.587785 -0.769421 0.6 0.7 0 -0.436083 -0.899906
0.293893 -0.309017 -0.904509 0.7 0.6 0 -0.436083 -0.899906
0.25 -0.587785 -0.769421 0.7 0.7 0 -0.436083 -0.899906
-0.293893 -0.309017 -0.904509 0.6 0.6 0 -0.436083 -0.899906
0.293893 -0.309017 -0.904509 0.7 0.6 0.528952 -0.436083 -0.72804
0.654509 -0.587785 -0.475528 0.8 0.7 0.528952 -0.436083 -0.728039
0.25 -0.587785 -0.769421 0.7 0.7 0.528952 -0.436083 -0.72804
0.769421 -0.309017 -0.559017 0.8 0.6 0.528952 -0.436083 -0.728039
0.654509 -0.587785 -0.475528 0.8 0.7 0.528952 -0.436083 -0.728039
0.293893 -0.309017 -0.904509 0.7 0.6 0.528952 -0.436083 -0.72804
0.769421 -0.309017 -0.559017 0.8 0.6 0.855862 -0.436083 -0.278086
0.809017 -0.587785 -0 0.9 0.7 0.855862 -0.436083 -0.278086
0.654509 -0.587785 -0.475528 0.8 0.7 0.855862 -0.436083 -0.278086
0.951057 -0.309017 -0 0.9 0.6 0.855862 -0.436083 -0.278086
0.809017 -0.587785 -0 0.9 0.7 0.855862 -0.436083 -0.278086
0.769421 -0.309017 -0.559017 0.8 0.6 0.855862 -0.436083 -0.278086
0.951057 -0.309017 -0 0.9 0.6 0.855862 -0.436083 0.278086
0.654509 -0.587785 0.475528 1 0.7 0.855862 -0.436084 0.278086
0.809017 -0.587785 -0 0.9 0.7 0.855862 -0.436083 0.278086
0.769421 -0.309017 0.559017 1 0.6 0.855862 -0.436084 0.278086
0.654509 -0.587785 0.475528 1 0.7 0.855862 -0.436084 0.278086
0.951057 -0.309017 -0 0.9 0.6 0.855862 -0.436083 0.278086
0.809017 0 0.587785 0 0.5 0.581228 -0.148952 0.799992
0.293893 -0.309017 0.904509 0.1 0.6 0.581228 -0.148952 0.799992
0.769421 -0.309017 0.559017 0 0.6 0.581228 -0.148952 0.799992
0.309017 0 0.951057 0.1 0.5 0.581228 -0.148952 0.799992
0.293893 -0.309017 0.904509 0.1 0.6 0.581228 -0.148952 0.799992
0.809017 0 0.587785 0 0.5 0.581228 -0.148952 0.799992
0.309017 0 0.951057 0.1 0.5 -0 -0.148952 0.988844
-0.293893 -0.309017 0.904509 0.2 0.6 -0 -0.148952 0.988844
0.293893 -0.309017 0.904509 0.1 0.6 -0 -0.148952 0.988844
-0.309017 0 0.951057 0.2 0.5 0 -0.148952 0.988844
-0.293893 -0.309017 0.904509 0.2 0.6 -0 -0.148952 0.988844
0.309017 0 0.951057 0.1 0.5 -0 -0.148952 0.988844
-0.309017 0 0.951057 0.2 0.5 -0.581228 -0.148952 0.799992
-0.769421 -0.309017 0.559017 0.3 0.6 -0.581228 -0.148952 0.799992
-0.293893 -0.309017 0.904509 0.2 0.6 -0.581228 -0.148952 0.799992
-0.809017 0 0.587785 0.3 0.5 -0.581228 -0.148952 0.799992
-0.769421 -0.309017 0.559017 0.3 0.6 -0.581228 -0.148952 0.799992
-0.309017 0 0.951057 0.2 0.5 -0.581228 -0.148952 0.799992
-0.809017 0 0.587785 0.3 0.5 -0.940447 -0.148952 0.30557
-0.951057 -0.309017 -0 0.4 0.6 -0.940447 -0.148952 0.30557
-0.769421 -0.309017 0.559017 0.3 0.6 -0.940447 -0.148952 0.30557
-1 0 -0 0.4 0.5 -0.940447 -0.148952 0.30557
-0.951057 -0.309017 -0 0.4 0.6 -0.940447 -0.148952 0.30557
-0.809017 0 0.587785 0.3 0.5 -0.940447 -0.148952 0.30557
-1 0 -0 0.4 0.5 -0.940447 -0.148952 -0.30557
-0.769421 -0.309017 -0.559017 0.5 0.6 -0.940447 -0.148952 -0.30557
-0.951057 -0.309017 -0 0.4 0.6 -0.940447 -0.148952 -0.30557
-0.809017 0 -0.587785 0.5 0.5 -0.940447 -0.148952 -0.30557
-0.769421 -0.309017 -0.559017 0.5 0.6 -0.940447 -0.148952 -0.30557
-1 0 -0 0.4 0.5 -0.940447 -0.148952 -0.30557
-0.809017 0 -0.587785 0.5 0.5 -0.581228 -0.148952 -0.799992
-0.293893 -0.309017 -0.904509 0.6 0.6 -0.581228 -0.148952 -0.799992
-0.769421 -0.309017 -0.559017 0.5 0.6 -0.581228 -0.148952 -0.799992
-0.309017 0 -0.951057 0.6 0.5 -0.581228 -0.148952 -0.799992
-0.293893 -0.309017 -0.904509 0.6 0.6 -0.581228 -0.148952 -0.799992
-0.809017 0 -0.587785 0.5 0.5 -0.581228 -0.148952 -0.799992
-0.309017 0 -0.951057 0.6 0.5 0 -0.148952 -0.988844
0.293893 -0.309017 -0.904509 0.7 0.6 0 -0.148952 -0.988844
-0.293893 -0.309017 -0.904509 0.6 0.6 0 -0.148952 -0.988844
0.309017 0 -0.951057 0.7 0.5 0 -0.148952 -0.988844
0.293893 -0.309017 -0.904509 0.7 0.6 0 -0.148952 -0.988844
-0.309017 0 -0.951057 0.6 0.5 0 -0.148952 -0.988844
0.309017 0 -0.951057 0.7 0.5 0.581228 -0.148952 -0.799992
0.769421 -0.309017 -0.559017 0.8 0.6 0.581228 -0.148952 -0.799992
0.293893 -0.309017 -0.904509 0.7 0.6 0.581228 -0.148952 -0.799992
0.809017 0 -0.587785 0.8 0.5 0.581228 -0.148952 -0.799992
0.769421 -0.309017 -0.559017 0.8 0.6 0.581228 -0.148952 -0.799992
0.309017 0 -0.951057 0.7 0.5 0.581228 -0.148952 -0.799992
0.809017 0 -0.587785 0.8 0.5 0.940447 -0.148952 -0.30557
0.951057 -0.309017 -0 0.9 0.6 0.940447 -0.148952 -0.30557
0.769421 -0.309017 -0.559017 0.8 0.6 0.940447 -0.148952 -0.30557
1 0 -0 0.9 0.5 0.940447 -0.148952 -0.30557
0.951057 -0.309017 -0 0.9 0.6 0.940447 -0.148952 -0.30557
0.809017 0 -0.587785 0.8 0.5 0.940447 -0.148952 -0.30557
1 0 -0 0.9 0.5 0.940447 -0.148952 0.30557
0.769421 -0.309017 0.559017 1 0.6 0.940447 -0.148952 0.30557
0.951057 -0.309017 -0 0.9 0.6 0.940447 -0.148952 0.30557
0.809017 0 0.587785 1 0.5 0.940447 -0.148952 0.30557
0.769421 -0.309017 0.559017 1 0.6 0.940447 -0.148952 0.30557
1 0 -0 0.9 0.5 0.940447 -0.148952 0.30557
0.769421 0.309017 0.559017 0 0.4 0.581228 0.148952 0.799992
0.309017 0 0.951057 0.1 0.5 0.581228 0.148952 0.799992
0.809017 0 0.587785 0 0.5 0.581228 0.148952 0.799992
0.293893 0.309017 0.904509 0.1 0.4 0.581228 0.148952 0.799992
0.309017 0 0.951057 0.1 0.5 0.581228 0.148952 0.799992
0.769421 0.309017 0.559017 0 0.4 0.581228 0.148952 0.799992
0.293893 0.309017 0.904509 0.1 0.4 -0 0.148952 0.988844
-0.309017 0 0.951057 0.2 0.5 -0 0.148952 0.988844
0.309017 0 0.951057 0.1 0.5 -0 0.148952 0.988844
-0.293893 0.309017 0.904509 0.2 0.4 0 0.148952 0.988844
-0.309017 0 0.951057 0.2 0.5 -0 0.148952 0.988844
0.293893 0.309017 0.904509 0.1 0.4 -0 0.148952 0.988844
-0.293893 0.309017 0.904509 0.2 0.4 -0.581228 0.148952 0.799992
-0.809017 0 0.587785 0.3 0.5 -0.581228 0.148952 0.799992
-0.309017 0 0.951057 0.2 0.5 -0.581228 0.148952 0.799992
-0.769421 0.309017 0.559017 0.3 0.4 -0.581228 0.148952 0.799992
-0.809017 0 0.587785 0.3 0.5 -0.581228 0.148952 0.799992
-0.293893 0.309017 0.904509 0.2 0.4 -0.581228 0.148952 0.799992
-0.769421 0.309017 0.559017 0.3 0.4 -0.940447 0.148952 0.30557
-1 0 -0 0.4 0.5 -0.940447 0.148952 0.30557
-0.809017 0 0.587785 0.3 0.5 -0.940447 0.148952 0.30557
-0.951057 0.309017 -0 0.4 0.4 -0.940447 0.148952 0.30557
-1 0 -0 0.4 0.5 -0.940447 0.148952 0.30557
-0.769421 0.309017 0.559017 0.3 0.4 -0.940447 0.148952 0.30557
-0.951057 0.309017 -0 0.4 0.4 -0.940447 0.148952 -0.30557
-0.809017 0 -0.587785 0.5 0.5 -0.940447 0.148952 -0.30557
-1 0 -0 0.4 0.5 -0.940447 0.148952 -0.30557
-0.769421 0.309017 -0.559017 0.5 0.4 -0.940447 0.148952 -0.30557
-0.809017 0 -0.587785 0.5 0.5 -0.940447 0.148952 -0.30557
-0.951057 0.309017 -0 0.4 0.4 -0.940447 0.148952 -0.30557
-0.769421 0.309017 -0.559017 0.5 0.4 -0.581228 0.148952 -0.799992
-0.309017 0 -0.951057 0.6 0.5 -0.581228 0.148952 -0.799992
-0.809017 0 -0.587785 0.5 0.5 -0.581228 0.148952 -0.799992
-0.293893 0.309017 -0.904509 0.6 0.4 -0.581228 0.148952 -0.799992
-0.309017 0 -0.951057 0.6 0.5 -0.581228 0.148952 -0.799992
-0.769421 0.309017 -0.559017 0.5 0.4 -0.581228 0.148952 -0.799992
-0.293893 0.309017 -0.904509 0.6 0.4 0 0.148952 -0.988844
0.309017 0 -0.951057 0.7 0.5 0 0.148952 -0.988844
-0.309017 0 -0.951057 0.6 0.5 0 0.148952 -0.988844
0.293893 0.309017 -0.904509 0.7 0.4 0 0.148952 -0.988844
0.309017 0 -0.951057 0.7 0.5 0 0.148952 -0.988844
-0.293893 0.309017 -0.904509 0.6 0.4 0 0.148952 -0.988844
0.293893 0.309017 -0.904509 0.7 0.4 0.581228 0.148952 -0.799992
0.809017 0 -0.587785 0.8 0.5 0.581228 0.148952 -0.799992
0.309017 0 -0.951057 0.7 0.5 0.581228 0.148952 -0.799992
0.769421 0.309017 -0.559017 0.8 0.4 0.581228 0.148952 -0.799992
0.809017 0 -0.587785 0.8 0.5 0.581228 0.148952 -0.799992
0.293893 0.309017 -0.904509 0.7 0.4 0.581228 0.148952 -0.799992
0.769421 0.309017 -0.559017 0.8 0.4 0.940447 0.148952 -0.30557
1 0 -0 0.9 0.5 0.940447 0.148952 -0.30557
0.809017 0 -0.587785 0.8 0.5 0.940447 0.148952 -0.30557
0.951057 0.309017 -0 0.9 0.4 0.940447 0.148952 -0.30557
1 0 -0 0.9 0.5 0.940447 0.148952 -0.30557
0.769421 0.309017 -0.559017 0.8 0.4 0.940447 0.148952 -0.30557
0.951057 0.309017 -0 0.9 0.4 0.940447 0.148952 0.30557
0.809017 0 0.587785 1 0.5 0.940447 0.148952 0.30557
1 0 -0 0.9 0.5 0.940447 0.148952 0.30557
0.769421 0.309017 0.559017 1 0.4 0.940447 0.148952 0.30557
0.809017 0 0.587785 1 0.5 0.940447 0.148952 0.30557
0.951057 0.309017 -0 0.9 0.4 0.940447 0.148952 0.30557
0.654509 0.587785 0.475528 0 0.3 0.528952 0.436084 0.72804
0.293893 0.309017 0.904509 0.1 0.4 0.528951 0.436083 0.72804
0.769421 0.309017 0.559017 0 0.4 0.528952 0.436084 0.728039
0.25 0.587785 0.769421 0.1 0.3 0.528951 0.436083 0.72804
0.293893 0.309017 0.904509 0.1 0.4 0.528951 0.436083 0.72804
0.654509 0.587785 0.475528 0 0.3 0.528952 0.436084 0.72804
0.25 0.587785 0.769421 0.1 0.3 -0 0.436083 0.899906
-0.293893 0.309017 0.904509 0.2 0.4 -0 0.436083 0.899906
0.293893 0.309017 0.904509 0.1 0.4 0 0.436083 0.899906
-0.25 0.587785 0.769421 0.2 0.3 -0 0.436083 0.899906
-0.293893 0.309017 0.904509 0.2 0.4 -0 0.436083 0.899906
0.25 0.587785 0.769421 0.1 0.3 -0 0.436083 0.899906
-0.25 0.587785 0.769421 0.2 0.3 -0.528952 0.436083 0.728039
-0.769421 0.309017 0.559017 0.3 0.4 -0.528952 0.436083 0.72804
-0.293893 0.309017 0.904509 0.2 0.4 -0.528952 0.436083 0.728039
-0.654509 0.587785 0.475528 0.3 0.3 -0.528952 0.436083 0.72804
-0.769421 0.309017 0.559017 0.3 0.4 -0.528952 0.436083 0.72804
-0.25 0.587785 0.769421 0.2 0.3 -0.528952 0.436083 0.728039
-0.654509 0.587785 0.475528 0.3 0.3 -0.855862 0.436084 0.278086
-0.951057 0.309017 -0 0.4 0.4 -0.855862 0.436084 0.278086
-0.769421 0.309017 0.559017 0.3 0.4 -0.855862 0.436083 0.278086
-0.809017 0.587785 -0 0.4 0.3 -0.855862 0.436084 0.278086
-0.951057 0.309017 -0 0.4 0.4 -0.855862 0.436084 0.278086
-0.654509 0.587785 0.475528 0.3 0.3 -0.855862 0.436084 0.278086
-0.809017 0.587785 -0 0.4 0.3 -0.855862 0.436083 -0.278086
-0.769421 0.309017 -0.559017 0.5 0.4 -0.855862 0.436083 -0.278086
-0.951057 0.309017 -0 0.4 0.4 -0.855862 0.436083 -0.278086
-0.654509 0.587785 -0.475528 0.5 0.3 -0.855862 0.436083 -0.278087
-0.769421 0.309017 -0.559017 0.5 0.4 -0.855862 0.436083 -0.278086
-0.809017 0.587785 -0 0.4 0.3 -0.855862 0.436083 -0.278086
-0.654509 0.587785 -0.475528 0.5 0.3 -0.528952 0.436083 -0.728039
-0.293893 0.309017 -0.904509 0.6 0.4 -0.528952 0.436083 -0.72804
-0.769421 0.309017 -0.559017 0.5 0.4 -0.528952 0.436084 -0.728039
-0.25 0.587785 -0.769421 0.6 0.3 -0.528952 0.436083 -0.72804
-0.293893 0.309017 -0.904509 0.6 0.4 -0.528952 0.436083 -0.72804
-0.654509 0.587785 -0.475528 0.5 0.3 -0.528952 0.436083 -0.728039
-0.25 0.587785 -0.769421 0.6 0.3 0 0.436083 -0.899906
0.293893 0.309017 -0.904509 0.7 0.4 0 0.436083 -0.899906
-0.293893 0.309017 -0.904509 0.6 0.4 0 0.436083 -0.899906
0.25 0.587785 -0.769421 0.7 0.3 0 0.436083 -0.899906
0.293893 0.309017 -0.904509 0.7 0.4 0 0.436083 -0.899906
-0.25 0.587785 -0.769421 0.6 0.3 0 0.436083 -0.899906
0.25 0.587785 -0.769421 0.7 0.3 0.528952 0.436083 -0.72804
0.769421 0.309017 -0.559017 0.8 0.4 0.528952 0.436083 -0.72804
0.293893 0.309017 -0.904509 0.7 0.4 0.528952 0.436083 -0.728039
0.654509 0.587785 -0.475528 0.8 0.3 0.528952 0.436083 -0.72804
0.769421 0.309017 -0.559017 0.8 0.4 0.528952 0.436083 -0.72804
0.25 0.587785 -0.769421 0.7 0.3 0.528952 0.436083 -0.72804
0.654509 0.587785 -0.475528 0.8 0.3 0.855862 0.436083 -0.278086
0.951057 0.309017 -0 0.9 0.4 0.855862 0.436083 -0.278086
0.769421 0.309017 -0.559017 0.8 0.4 0.855862 0.436083 -0.278086
0.809017 0.587785 -0 0.9 0.3 0.855862 0.436083 -0.278086
0.951057 0.309017 -0 0.9 0.4 0.855862 0.436083 -0.278086
0.654509 0.587785 -0.475528 0.8 0.3 0.855862 0.436083 -0.278086
0.809017 0.587785 -0 0.9 0.3 0.855862 0.436084 0.278086
0.769421 0.309017 0.559017 1 0.4 0.855862 0.436084 0.278086
0.951057 0.309017 -0 0.9 0.4 0.855862 0.436083 0.278086
0.654509 0.587785 0.475528 1 0.3 0.855862 0.436084 0.278086
0.769421 0.309017 0.559017 1 0.4 0.855862 0.436084 0.278086
0.809017 0.587785 -0 0.9 0.3 0.855862 0.436084 0.278086
0.475528 0.809017 0.345492 0 0.2 0.425919 0.689152 0.586227
0.25 0.587785 0.769421 0.1 0.3 0.425919 0.689152 0.586227
0.654509 0.587785 0.475528 0 0.3 0.425919 0.689152 0.586227
0.181636 0.809017 0.559017 0.1 0.2 0.425919 0.689152 0.586228
0.25 0.587785 0.769421 0.1 0.3 0.425919 0.689152 0.586227
0.475528 0.809017 0.345492 0 0.2 0.425919 0.689152 0.586227
0.181636 0.809017 0.559017 0.1 0.2 -0 0.689152 0.724617
-0.25 0.587785 0.769421 0.2 0.3 -0 0.689152 0.724617
0.25 0.587785 0.769421 0.1 0.3 -0 0.689152 0.724617
-0.181636 0.809017 0.559017 0.2 0.2 0 0.689152 0.724617
-0.25 0.587785 0.769421 0.2 0.3 -0 0.689152 0.724617
0.181636 0.809017 0.559017 0.1 0.2 -0 0.689152 0.724617
-0.181636 0.809017 0.559017 0.2 0.2 -0.425919 0.689152 0.586227
-0.654509 0.587785 0.475528 0.3 0.3 -0.425919 0.689152 0.586227
-0.25 0.587785 0.769421 0.2 0.3 -0.425919 0.689152 0.586227
-0.475528 0.809017 0.345491 0.3 0.2 -0.425919 0.689152 0.586227
-0.654509 0.587785 0.475528 0.3 0.3 -0.425919 0.689152 0.586227
-0.181636 0.809017 0.559017 0.2 0.2 -0.425919 0.689152 0.586227
-0.475528 0.809017 0.345491 0.3 0.2 -0.689152 0.689152 0.223919
-0.809017 0.587785 -0 0.4 0.3 -0.689152 0.689152 0.223919
-0.654509 0.587785 0.475528 0.3 0.3 -0.689152 0.689152 0.223919
-0.587785 0.809017 -0 0.4 0.2 -0.689152 0.689152 0.223919
-0.809017 0.587785 -0 0.4 0.3 -0.689152 0.689152 0.223919
-0.475528 0.809017 0.345491 0.3 0.2 -0.689152 0.689152 0.223919
-0.587785 0.809017 -0 0.4 0.2 -0.689152 0.689152 -0.223919
-0.654509 0.587785 -0.475528 0.5 0.3 -0.689152 0.689152 -0.223919
-0.809017 0.587785 -0 0.4 0.3 -0.689152 0.689152 -0.223919
-0.475528 0.809017 -0.345492 0.5 0.2 -0.689152 0.689152 -0.223919
-0.654509 0.587785 -0.475528 0.5 0.3 -0.689152 0.689152 -0.223919
-0.587785 0.809017 -0 0.4 0.2 -0.689152 0.689152 -0.223919
-0.475528 0.809017 -0.345492 0.5 0.2 -0.425919 0.689152 -0.586228
-0.25 0.587785 -0.769421 0.6 0.3 -0.425919 0.689152 -0.586228
-0.654509 0.587785 -0.475528 0.5 0.3 -0.425919 0.689152 -0.586228
-0.181636 0.809017 -0.559017 0.6 0.2 -0.425919 0.689152 -0.586228
-0.25 0.587785 -0.769421 0.6 0.3 -0.425919 0.689152 -0.586228
-0.475528 0.809017 -0.345492 0.5 0.2 -0.425919 0.689152 -0.586228
-0.181636 0.809017 -0.559017 0.6 0.2 0 0.689152 -0.724617
0.25 0.587785 -0.769421 0.7 0.3 0 0.689152 -0.724617
-0.25 0.587785 -0.769421 0.6 0.3 0 0.689152 -0.724617
0.181636 0.809017 -0.559017 0.7 0.2 0 0.689152 -0.724617
0.25 0.587785 -0.769421 0.7 0.3 0 0.689152 -0.724617
-0.181636 0.809017 -0.559017 0.6 0.2 0 0.689152 -0.724617
0.181636 0.809017 -0.559017 0.7 0.2 0.425919 0.689152 -0.586227
0.654509 0.587785 -0.475528 0.8 0.3 0.425919 0.689152 -0.586227
0.25 0.587785 -0.769421 0.7 0.3 0.425919 0.689152 -0.586227
0.475528 0.809017 -0.345491 0.8 0.2 0.425919 0.689152 -0.586228
0.654509 0.587785 -0.475528 0.8 0.3 0.425919 0.689152 -0.586227
0.181636 0.809017 -0.559017 0.7 0.2 0.425919 0.689152 -0.586227
0.475528 0.809017 -0.345491 0.8 0.2 0.689152 0.689152 -0.223919
0.809017 0.587785 -0 0.9 0.3 0.689152 0.689152 -0.223919
0.654509 0.587785 -0.475528 0.8 0.3 0.689152 0.689152 -0.223919
0.587785 0.809017 -0 0.9 0.2 0.689152 0.689152 -0.223919
0.809017 0.587785 -0 0.9 0.3 0.689152 0.689152 -0.223919
0.475528 0.809017 -0.345491 0.8 0.2 0.689152 0.689152 -0.223919
0.587785 0.809017 -0 0.9 0.2 0.689152 0.689152 0.223919
0.654509 0.587785 0.475528 1 0.3 0.689152 0.689152 0.223919
0.809017 0.587785 -0 0.9 0.3 0.689152 0.689152 0.223919
0.475528 0.809017 0.345492 1 0.2 0.689152 0.689152 0.223919
0.654509 0.587785 0.475528 1 0.3 0.689152 0.689152 0.223919
0.587785 0.809017 -0 0.9 0.2 0.689152 0.689152 0.223919
0.25 0.951057 0.181636 0 0.1 0.277578 0.881468 0.382053
0.181636 0.809017 0.559017 0.1 0.2 0.277578 0.881468 0.382053
0.475528 0.809017 0.345492 0 0.2 0.277578 0.881468 0.382053
0.095491 0.951057 0.293893 0.1 0.1 0.277578 0.881468 0.382053
0.181636 0.809017 0.559017 0.1 0.2 0.277578 0.881468 0.382053
0.25 0.951057 0.181636 0 0.1 0.277578 0.881468 0.382053
0.095491 0.951057 0.293893 0.1 0.1 -0 0.881468 0.472244
-0.181636 0.809017 0.559017 0.2 0.2 -0 0.881468 0.472244
0.181636 0.809017 0.559017 0.1 0.2 0 0.881468 0.472244
-0.095492 0.951057 0.293893 0.2 0.1 -0 0.881468 0.472244
-0.181636 0.809017 0.559017 0.2 0.2 -0 0.881468 0.472244
0.095491 0.951057 0.293893 0.1 0.1 -0 0.881468 0.472244
-0.095492 0.951057 0.293893 0.2 0.1 -0.277578 0.881468 0.382053
-0.475528 0.809017 0.345491 0.3 0.2 -0.277578 0.881468 0.382053
-0.181636 0.809017 0.559017 0.2 0.2 -0.277578 0.881468 0.382053
-0.25 0.951057 0.181636 0.3 0.1 -0.277578 0.881468 0.382053
-0.475528 0.809017 0.345491 0.3 0.2 -0.277578 0.881468 0.382053
-0.095492 0.951057 0.293893 0.2 0.1 -0.277578 0.881468 0.382053
-0.25 0.951057 0.181636 0.3 0.1 -0.44913 0.881468 0.145931
-0.587785 0.809017 -0 0.4 0.2 -0.44913 0.881468 0.145931
-0.475528 0.809017 0.345491 0.3 0.2 -0.44913 0.881468 0.145931
-0.309017 0.951057 -0 0.4 0.1 -0.44913 0.881468 0.145931
-0.587785 0.809017 -0 0.4 0.2 -0.44913 0.881468 0.145931
-0.25 0.951057 0.181636 0.3 0.1 -0.44913 0.881468 0.145931
-0.309017 0.951057 -0 0.4 0.1 -0.44913 0.881468 -0.145931
-0.475528 0.809017 -0.345492 0.5 0.2 -0.449131 0.881468 -0.145931
-0.587785 0.809017 -0 0.4 0.2 -0.44913 0.881468 -0.145931
-0.25 0.951057 -0.181636 0.5 0.1 -0.449131 0.881468 -0.145931
-0.475528 0.809017 -0.345492 0.5 0.2 -0.449131 0.881468 -0.145931
-0.309017 0.951057 -0 0.4 0.1 -0.44913 0.881468 -0.145931
-0.25 0.951057 -0.181636 0.5 0.1 -0.277578 0.881468 -0.382053
-0.181636 0.809017 -0.559017 0.6 0.2 -0.277578 0.881468 -0.382053
-0.475528 0.809017 -0.345492 0.5 0.2 -0.277578 0.881468 -0.382053
-0.095491 0.951057 -0.293893 0.6 0.1 -0.277578 0.881468 -0.382054
-0.181636 0.809017 -0.559017 0.6 0.2 -0.277578 0.881468 -0.382053
-0.25 0.951057 -0.181636 0.5 0.1 -0.277578 0.881468 -0.382053
-0.095491 0.951057 -0.293893 0.6 0.1 0 0.881468 -0.472244
0.181636 0.809017 -0.559017 0.7 0.2 0 0.881468 -0.472244
-0.181636 0.809017 -0.559017 0.6 0.2 0 0.881468 -0.472244
0.095492 0.951057 -0.293893 0.7 0.1 0 0.881468 -0.472244
0.181636 0.809017 -0.559017 0.7 0.2 0 0.881468 -0.472244
-0.095491 0.951057 -0.293893 0.6 0.1 0 0.881468 -0.472244
0.095492 0.951057 -0.293893 0.7 0.1 0.277578 0.881468 -0.382053
0.475528 0.809017 -0.345491 0.8 0.2 0.277578 0.881468 -0.382053
0.181636 0.809017 -0.559017 0.7 0.2 0.277578 0.881468 -0.382053
0.25 0.951057 -0.181636 0.8 0.1 0.277578 0.881468 -0.382053
0.475528 0.809017 -0.345491 0.8 0.2 0.277578 0.881468 -0.382053
0.095492 0.951057 -0.293893 0.7 0.1 0.277578 0.881468 -0.382053
0.25 0.951057 -0.181636 0.8 0.1 0.44913 0.881468 -0.145931
0.587785 0.809017 -0 0.9 0.2 0.44913 0.881468 -0.145931
0.475528 0.809017 -0.345491 0.8 0.2 0.449131 0.881468 -0.145931
0.309017 0.951057 -0 0.9 0.1 0.449131 0.881468 -0.145931
0.587785 0.809017 -0 0.9 0.2 0.44913 0.881468 -0.145931
0.25 0.951057 -0.181636 0.8 0.1 0.44913 0.881468 -0.145931
0.309017 0.951057 -0 0.9 0.1 0.449131 0.881468 0.145931
0.475528 0.809017 0.345492 1 0.2 0.44913 0.881468 0.145931
0.587785 0.809017 -0 0.9 0.2 0.449131 0.881468 0.145931
0.25 0.951057 0.181636 1 0.1 0.449131 0.881468 0.145931
0.475528 0.809017 0.345492 1 0.2 0.44913 0.881468 0.145931
0.309017 0.951057 -0 0.9 0.1 0.449131 0.881468 0.145931
0 -1 -0 0.05 1 0.096557 -0.986415 0.132899
0.25 -0.951057 0.181636 0 0.9 0.096557 -0.986415 0.132899
0.095491 -0.951057 0.293893 0.1 0.9 0.096557 -0.986415 0.132899
0 -1 -0 0.15 1 -0 -0.986415 0.164272
0.095491 -0.951057 0.293893 0.1 0.9 -0 -0.986415 0.164272
-0.095492 -0.951057 0.293893 0.2 0.9 -0 -0.986415 0.164272
0 -1 -0 0.25 1 -0.096557 -0.986415 0.132899
-0.095492 -0.951057 0.293893 0.2 0.9 -0.096557 -0.986415 0.132899
-0.25 -0.951057 0.181636 0.3 0.9 -0.096557 -0.986415 0.132899
0 -1 -0 0.35 1 -0.156233 -0.986415 0.050763
-0.25 -0.951057 0.181636 0.3 0.9 -0.156233 -0.986415 0.050763
-0.309017 -0.951057 -0 0.4 0.9 -0.156233 -0.986415 0.050763
0 -1 -0 0.45 1 -0.156233 -0.986415 -0.050763
-0.309017 -0.951057 -0 0.4 0.9 -0.156233 -0.986415 -0.050763
-0.25 -0.951057 -0.181636 0.5 0.9 -0.156233 -0.986415 -0.050763
0 -1 -0 0.55 1 -0.096557 -0.986415 -0.132899
-0.25 -0.951057 -0.181636 0.5 0.9 -0.096557 -0.986415 -0.132899
-0.095491 -0.951057 -0.293893 0.6 0.9 -0.096557 -0.986415 -0.132899
0 -1 -0 0.65 1 0 -0.986415 -0.164272
-0.095491 -0.951057 -0.293893 0.6 0.9 0 -0.986415 -0.164272
0.095492 -0.951057 -0.293893 0.7 0.9 0 -0.986415 -0.164272
0 -1 -0 0.75 1 0.096557 -0.986415 -0.132899
0.095492 -0.951057 -0.293893 0.7 0.9 0.096557 -0.986415 -0.132899
0.25 -0.951057 -0.181636 0.8 0.9 0.096557 -0.986415 -0.132899
0 -1 -0 0.85 1 0.156233 -0.986415 -0.050763
0.25 -0.951057 -0.181636 0.8 0.9 0.156233 -0.986415 -0.050763
0.309017 -0.951057 -0 0.9 0.9 0.156233 -0.986415 -0.050763
0 -1 -0 0.95 1 0.156233 -0.986415 0.050763
0.309017 -0.951057 -0 0.9 0.9 0.156233 -0.986415 0.050763
0.25 -0.951057 0.181636 1 0.9 0.156233 -0.986415 0.050763
0 1 -0 0.05 0 0.096557 0.986415 0.132899
0.095491 0.951057 0.293893 0.1 0.1 0.096557 0.986415 0.132899
0.25 0.951057 0.181636 0 0.1 0.096557 0.986415 0.132899
0 1 -0 0.15 0 -0 0.986415 0.164272
-0.095492 0.951057 0.293893 0.2 0.1 -0 0.986415 0.164272
0.095491 0.951057 0.293893 0.1 0.1 -0 0.986415 0.164272
0 1 -0 0.25 0 -0.096557 0.986415 0.132899
-0.25 0.951057 0.181636 0.3 0.1 -0.096557 0.986415 0.132899
-0.095492 0.951057 0.293893 0.2 0.1 -0.096557 0.986415 0.132899
0 1 -0 0.35 0 -0.156233 0.986415 0.050763
-0.309017 0.951057 -0 0.4 0.1 -0.156233 0.986415 0.050763
-0.25 0.951057 0.181636 0.3 0.1 -0.156233 0.986415 0.050763
0 1 -0 0.45 0 -0.156233 0.986415 -0.050763
-0.25 0.951057 -0.181636 0.5 0.1 -0.156233 0.986415 -0.050763
-0.309017 0.951057 -0 0.4 0.1 -0.156233 0.986415 -0.050763
0 1 -0 0.55 0 -0.096557 0.986415 -0.132899
-0.095491 0.951057 -0.293893 0.6 0.1 -0.096557 0.986415 -0.132899
-0.25 0.951057 -0.181636 0.5 0.1 -0.096557 0.986415 -0.132899
0 1 -0 0.65 0 0 0.986415 -0.164272
0.095492 0.951057 -0.293893 0.7 0.1 0 0.986415 -0.164272
-0.095491 0.951057 -0.293893 0.6 0.1 0 0.986415 -0.164272
0 1 -0 0.75 0 0.096557 0.986415 -0.132899
0.25 0.951057 -0.181636 0.8 0.1 0.096557 0.986415 -0.132899
0.095492 0.951057 -0.293893 0.7 0.1 0.096557 0.986415 -0.132899
0 1 -0 0.85 0 0.156233 0.986415 -0.050763
0.309017 0.951057 -0 0.9 0.1 0.156233 0.986415 -0.050763
0.25 0.951057 -0.181636 0.8 0.1 0.156233 0.986415 -0.050763
0 1 -0 0.95 0 0.156233 0.986415 0.050763
0.25 0.951057 0.181636 1 0.1 0.156233 0.986415 0.050763
0.309017 0.951057 -0 0.9 0.1 0.156233 0.986415 0.050763
