Vertex Count: 984

Data:

0.433013 -0.866025 0.25 0 0.833333 0.278683 -0.919061 0.278683
0.12941 -0.965926 0.224144 0.083333 0.916667 0.278683 -0.919061 0.278683
0.224144 -0.965926 0.12941 0 0.916667 0.278683 -0.919061 0.278682
0.25 -0.866025 0.433013 0.083333 0.833333 0.278683 -0.91906 0.278683
0.12941 -0.965926 0.224144 0.083333 0.916667 0.278683 -0.919061 0.278683
0.433013 -0.866025 0.25 0 0.833333 0.278683 -0.919061 0.278683
0.25 -0.866025 0.433013 0.083333 0.833333 0.102005 -0.91906 0.380687
0 -0.965926 0.258819 0.166667 0.916667 0.102005 -0.919061 0.380687
0.12941 -0.965926 0.224144 0.083333 0.916667 0.102005 -0.91906 0.380688
0 -0.866025 0.5 0.166667 0.833333 0.102005 -0.919061 0.380687
0 -0.965926 0.258819 0.166667 0.916667 0.102005 -0.919061 0.380687
0.25 -0.866025 0.433013 0.083333 0.833333 0.102005 -0.91906 0.380687
0 -0.866025 0.5 0.166667 0.833333 -0.102005 -0.91906 0.380687
-0.12941 -0.965926 0.224144 0.25 0.916667 -0.102005 -0.919061 0.380687
0 -0.965926 0.258819 0.166667 0.916667 -0.102005 -0.91906 0.380688
-0.25 -0.866025 0.433013 0.25 0.833333 -0.102005 -0.919061 0.380687
-0.12941 -0.965926 0.224144 0.25 0.916667 -0.102005 -0.919061 0.380687
0 -0.866025 0.5 0.166667 0.833333 -0.102005 -0.91906 0.380687
-0.25 -0.866025 0.433013 0.25 0.833333 -0.278683 -0.919061 0.278682
-0.224144 -0.965926 0.12941 0.333333 0.916667 -0.278683 -0.919061 0.278683
-0.12941 -0.965926 0.224144 0.25 0.916667 -0.278683 -0.91906 0.278683
-0.433013 -0.866025 0.25 0.333333 0.833333 -0.278682 -0.919061 0.278682
-0.224144 -0.965926 0.12941 0.333333 0.916667 -0.278683 -0.919061 0.278683
-0.25 -0.866025 0.433013 0.25 0.833333 -0.278683 -0.919061 0.278682
-0.433013 -0.866025 0.25 0.333333 0.833333 -0.380687 -0.919061 0.102005
-0.258819 -0.965926 -0 0.416667 0.916667 -0.380687 -0.919061 0.102005
-0.224144 -0.965926 0.12941 0.333333 0.916667 -0.380687 -0.91906 0.102005
-0.5 -0.866025 -0 0.416667 0.833333 -0.380687 -0.919061 0.102005
-0.258819 -0.965926 -0 0.416667 0.916667 -0.380687 -0.919061 0.102005
-0.433013 -0.866025 0.25 0.333333 0.833333 -0.380687 -0.919061 0.102005
-0.5 -0.866025 -0 0.416667 0.833333 -0.380687 -0.919061 -0.102005
-0.224144 -0.965926 -0.12941 0.5 0.916667 -0.380687 -0.919061 -0.102005
-0.258819 -0.965926 -0 0.416667 0.916667 -0.380687 -0.91906 -0.102006
-0.433013 -0.866025 -0.25 0.5 0.833333 -0.380687 -0.919061 -0.102004
-0.224144 -0.965926 -0.12941 0.5 0.916667 -0.380687 -0.919061 -0.102005
-0.5 -0.866025 -0 0.416667 0.833333 -0.380687 -0.919061 -0.102005
-0.433013 -0.866025 -0.25 0.5 0.833333 -0.278683 -0.919061 -0.278683
-0.12941 -0.965926 -0.224144 0.583333 0.916667 -0.278683 -0.919061 -0.278683
-0.224144 -0.965926 -0.12941 0.5 0.916667 -0.278683 -0.919061 -0.278682
-0.25 -0.866025 -0.433013 0.583333 0.833333 -0.278683 -0.91906 -0.278683
-0.12941 -0.965926 -0.224144 0.583333 0.916667 -0.278683 -0.919061 -0.278683
-0.433013 -0.866025 -0.25 0.5 0.833333 -0.278683 -0.919061 -0.278683
-0.25 -0.866025 -0.433013 0.583333 0.833333 -0.102005 -0.91906 -0.380687
0 -0.965926 -0.258819 0.666667 0.916667 -0.102005 -0.919061 -0.380687
-0.12941 -0.965926 -0.224144 0.583333 0.916667 -0.102005 -0.91906 -0.380688
0 -0.866025 -0.5 0.666667 0.833333 -0.102005 -0.919061 -0.380687
0 -0.965926 -0.258819 0.666667 0.916667 -0.102005 -0.919061 -0.380687
-0.25 -0.866025 -0.433013 0.583333 0.833333 -0.102005 -0.91906 -0.380687
0 -0.866025 -0.5 0.666667 0.833333 0.102005 -0.91906 -0.380687
0.12941 -0.965926 -0.224144 0.75 0.916667 0.102005 -0.919061 -0.380687
0 -0.965926 -0.258819 0.666667 0.916667 0.102005 -0.91906 -0.380688
0.25 -0.866025 -0.433013 0.75 0.833333 0.102005 -0.919061 -0.380687
0.12941 -0.965926 -0.224144 0.75 0.916667 0.102005 -0.919061 -0.380687
0 -0.866025 -0.5 0.666667 0.833333 0.102005 -0.91906 -0.380687
0.25 -0.866025 -0.433013 0.75 0.833333 0.278683 -0.919061 -0.278682
0.224144 -0.965926 -0.12941 0.833333 0.916667 0.278683 -0.919061 -0.278683
0.12941 -0.965926 -0.224144 0.75 0.916667 0.278683 -0.91906 -0.278683
0.433013 -0.866025 -0.25 0.833333 0.833333 0.278682 -0.919061 -0.278682
0.224144 -0.965926 -0.12941 0.833333 0.916667 0.278683 -0.919061 -0.278683
0.25 -0.866025 -0.433013 0.75 0.833333 0.278683 -0.919061 -0.278682
0.433013 -0.866025 -0.25 0.833333 0.833333 0.380687 -0.919061 -0.102005
0.258819 -0.965926 -0 0.916667 0.916667 0.380687 -0.919061 -0.102005
0.224144 -0.965926 -0.12941 0.833333 0.916667 0.380687 -0.91906 -0.102005
0.5 -0.866025 -0 0.916667 0.833333 0.380687 -0.919061 -0.102005
0.258819 -0.965926 -0 0.916667 0.916667 0.380687 -0.919061 -0.102005
0.433013 -0.866025 -0.25 0.833333 0.833333 0.380687 -0.919061 -0.102005
0.5 -0.866025 -0 0.916667 0.833333 0.380687 -0.919061 0.102005
0.224144 -0.965926 0.12941 1 0.916667 0.380687 -0.919061 0.102005
0.258819 -0.965926 -0 0.916667 0.916667 0.380687 -0.91906 0.102006
0.433013 -0.866025 0.25 1 0.833333 0.380687 -0.919061 0.102004
0.224144 -0.965926 0.12941 1 0.916667 0.380687 -0.919061 0.102005
0.5 -0.866025 -0 0.916667 0.833333 0.380687 -0.919061 0.102005
0.612372 -0.707107 0.353553 0 0.75 0.439831 -0.783005 0.439831
0.25 -0.866025 0.433013 0.083333 0.833333 0.439831 -0.783005 0.439831
0.433013 -0.866025 0.25 0 0.833333 0.439831 -0.783005 0.439832
0.353553 -0.707107 0.612372 0.083333 0.75 0.439831 -0.783005 0.439831
0.25 -0.866025 0.433013 0.083333 0.833333 0.439831 -0.783005 0.439831
0.612372 -0.707107 0.353553 0 0.75 0.439831 -0.783005 0.439831
0.353553 -0.707107 0.612372 0.083333 0.75 0.16099 -0.783005 0.600821
0 -0.866025 0.5 0.166667 0.833333 0.16099 -0.783005 0.600821
0.25 -0.866025 0.433013 0.083333 0.833333 0.16099 -0.783005 0.600821
0 -0.707107 0.707107 0.166667 0.75 0.16099 -0.783005 0.600821
0 -0.866025 0.5 0.166667 0.833333 0.16099 -0.783005 0.600821
0.353553 -0.707107 0.612372 0.083333 0.75 0.16099 -0.783005 0.600821
-0.080495 -1.09861 1.00752 0.166667 0.75 -0.16099 -0.783005 0.600821
-0.330495 -1.25753 0.733423 0.25 0.833333 -0.16099 -0.783005 0.600821
-0.080495 -1.25753 0.800411 0.166667 0.833333 -0.16099 -0.783005 0.600821
-0.434048 -1.09861 0.912783 0.25 0.75 -0.16099 -0.783005 0.600821
-0.330495 -1.25753 0.733423 0.25 0.833333 -0.16099 -0.783005 0.600821
-0.080495 -1.09861 1.00752 0.166667 0.75 -0.16099 -0.783005 0.600821
-0.353553 -0.707107 0.612372 0.25 0.75 -0.439831 -0.783005 0.439831
-0.433013 -0.866025 0.25 0.333333 0.833333 -0.439831 -0.783005 0.439831
-0.25 -0.866025 0.433013 0.25 0.833333 -0.439831 -0.783005 0.439831
-0.612372 -0.707107 0.353553 0.333333 0.75 -0.439831 -0.783005 0.439831
-0.433013 -0.866025 0.25 0.333333 0.833333 -0.439831 -0.783005 0.439831
-0.353553 -0.707107 0.612372 0.25 0.75 -0.439831 -0.783005 0.439831
-0.612372 -0.707107 0.353553 0.333333 0.75 -0.600821 -0.783005 0.160989
-0.5 -0.866025 -0 0.416667 0.833333 -0.600821 -0.783005 0.160989
-0.433013 -0.866025 0.25 0.333333 0.833333 -0.600821 -0.783005 0.160989
-0.707107 -0.707107 -0 0.416667 0.75 -0.600821 -0.783005 0.16099
-0.5 -0.866025 -0 0.416667 0.833333 -0.600821 -0.783005 0.160989
-0.612372 -0.707107 0.353553 0.333333 0.75 -0.600821 -0.783005 0.160989
-1.00752 -1.09861 -0.080495 0.416667 0.75 -0.600821 -0.783005 -0.160989
-0.733423 -1.25753 -0.330495 0.5 0.833333 -0.600821 -0.783005 -0.160989
-0.800411 -1.25753 -0.080495 0.416667 0.833333 -0.600821 -0.783005 -0.160989
-0.912783 -1.09861 -0.434048 0.5 0.75 -0.600821 -0.783005 -0.16099
-0.733423 -1.25753 -0.330495 0.5 0.833333 -0.600821 -0.783005 -0.160989
-1.00752 -1.09861 -0.080495 0.416667 0.75 -0.600821 -0.783005 -0.160989
-0.612372 -0.707107 -0.353553 0.5 0.75 -0.439831 -0.783005 -0.439831
-0.25 -0.866025 -0.433013 0.583333 0.833333 -0.439831 -0.783005 -0.439831
-0.433013 -0.866025 -0.25 0.5 0.833333 -0.439831 -0.783005 -0.439832
-0.353553 -0.707107 -0.612372 0.583333 0.75 -0.439831 -0.783005 -0.439831
-0.25 -0.866025 -0.433013 0.583333 0.833333 -0.439831 -0.783005 -0.439831
-0.612372 -0.707107 -0.353553 0.5 0.75 -0.439831 -0.783005 -0.439831
-0.353553 -0.707107 -0.612372 0.583333 0.75 -0.16099 -0.783005 -0.600821
0 -0.866025 -0.5 0.666667 0.833333 -0.16099 -0.783005 -0.600821
-0.25 -0.866025 -0.433013 0.583333 0.833333 -0.16099 -0.783005 -0.600821
0 -0.707107 -0.707107 0.666667 0.75 -0.16099 -0.783005 -0.600821
0 -0.866025 -0.5 0.666667 0.833333 -0.16099 -0.783005 -0.600821
-0.353553 -0.707107 -0.612372 0.583333 0.75 -0.16099 -0.783005 -0.600821
0.080495 -1.09861 -1.00752 0.666667 0.75 0.16099 -0.783005 -0.600821
0.330495 -1.25753 -0.733423 0.75 0.833333 0.16099 -0.783005 -0.600821
0.080495 -1.25753 -0.800411 0.666667 0.833333 0.16099 -0.783005 -0.600821
0.434048 -1.09861 -0.912783 0.75 0.75 0.16099 -0.783005 -0.600821
0.330495 -1.25753 -0.733423 0.75 0.833333 0.16099 -0.783005 -0.600821
0.080495 -1.09861 -1.00752 0.666667 0.75 0.16099 -0.783005 -0.600821
0.353553 -0.707107 -0.612372 0.75 0.75 0.439831 -0.783005 -0.439831
0.433013 -0.866025 -0.25 0.833333 0.833333 0.439831 -0.783005 -0.439831
0.25 -0.866025 -0.433013 0.75 0.833333 0.439831 -0.783005 -0.439831
0.612372 -0.707107 -0.353553 0.833333 0.75 0.439831 -0.783005 -0.439831
0.433013 -0.866025 -0.25 0.833333 0.833333 0.439831 -0.783005 -0.439831
0.353553 -0.707107 -0.612372 0.75 0.75 0.439831 -0.783005 -0.439831
0.612372 -0.707107 -0.353553 0.833333 0.75 0.600821 -0.783005 -0.160989
0.5 -0.866025 -0 0.916667 0.833333 0.600821 -0.783005 -0.160989
0.433013 -0.866025 -0.25 0.833333 0.833333 0.600821 -0.783005 -0.160989
0.707107 -0.707107 -0 0.916667 0.75 0.600821 -0.783005 -0.16099
0.5 -0.866025 -0 0.916667 0.833333 0.600821 -0.783005 -0.160989
0.612372 -0.707107 -0.353553 0.833333 0.75 0.600821 -0.783005 -0.160989
1.00752 -1.09861 0.080495 0.916667 0.75 0.600821 -0.783005 0.160989
0.733423 -1.25753 0.330495 1 0.833333 0.600821 -0.783005 0.160989
0.800411 -1.25753 0.080495 0.916667 0.833333 0.600821 -0.783005 0.160989
0.912783 -1.09861 0.434048 1 0.75 0.600821 -0.783005 0.16099
0.733423 -1.25753 0.330495 1 0.833333 0.600821 -0.783005 0.160989
1.00752 -1.09861 0.080495 0.916667 0.75 0.600821 -0.783005 0.160989
0.75 -0.5 0.433013 0 0.666667 0.568081 -0.595456 0.568081
0.353553 -0.707107 0.612372 0.083333 0.75 0.568081 -0.595456 0.568081
0.612372 -0.707107 0.353553 0 0.75 0.568081 -0.595456 0.568081
0.433013 -0.5 0.75 0.083333 0.666667 0.568081 -0.595456 0.568081
0.353553 -0.707107 0.612372 0.083333 0.75 0.568081 -0.595456 0.568081
0.75 -0.5 0.433013 0 0.666667 0.568081 -0.595456 0.568081
0.433013 -0.5 0.75 0.083333 0.666667 0.207932 -0.595456 0.776013
0 -0.707107 0.707107 0.166667 0.75 0.207932 -0.595456 0.776013
0.353553 -0.707107 0.612372 0.083333 0.75 0.207932 -0.595456 0.776013
0 -0.5 0.866025 0.166667 0.666667 0.207932 -0.595456 0.776013
0 -0.707107 0.707107 0.166667 0.75 0.207932 -0.595456 0.776013
0.433013 -0.5 0.75 0.083333 0.666667 0.207932 -0.595456 0.776013
0 -0.5 0.866025 0.166667 0.666667 -0.207932 -0.595456 0.776013
-0.353553 -0.707107 0.612372 0.25 0.75 -0.207932 -0.595456 0.776013
0 -0.707107 0.707107 0.166667 0.75 -0.207932 -0.595456 0.776013
-0.433013 -0.5 0.75 0.25 0.666667 -0.207932 -0.595456 0.776013
-0.353553 -0.707107 0.612372 0.25 0.75 -0.207932 -0.595456 0.776013
0 -0.5 0.866025 0.166667 0.666667 -0.207932 -0.595456 0.776013
-0.433013 -0.5 0.75 0.25 0.666667 -0.568081 -0.595456 0.568081
-0.612372 -0.707107 0.353553 0.333333 0.75 -0.568081 -0.595456 0.568081
-0.353553 -0.707107 0.612372 0.25 0.75 -0.568081 -0.595456 0.568081
-0.75 -0.5 0.433013 0.333333 0.666667 -0.568081 -0.595456 0.568081
-0.612372 -0.707107 0.353553 0.333333 0.75 -0.568081 -0.595456 0.568081
-0.433013 -0.5 0.75 0.25 0.666667 -0.568081 -0.595456 0.568081
-0.75 -0.5 0.433013 0.333333 0.666667 -0.776013 -0.595456 0.207932
-0.707107 -0.707107 -0 0.416667 0.75 -0.776013 -0.595456 0.207932
-0.612372 -0.707107 0.353553 0.333333 0.75 -0.776013 -0.595456 0.207932
-0.866025 -0.5 -0 0.416667 0.666667 -0.776013 -0.595456 0.207932
-0.707107 -0.707107 -0 0.416667 0.75 -0.776013 -0.595456 0.207932
-0.75 -0.5 0.433013 0.333333 0.666667 -0.776013 -0.595456 0.207932
-0.866025 -0.5 -0 0.416667 0.666667 -0.776013 -0.595456 -0.207932
-0.612372 -0.707107 -0.353553 0.5 0.75 -0.776013 -0.595456 -0.207932
-0.707107 -0.707107 -0 0.416667 0.75 -0.776013 -0.595456 -0.207932
-0.75 -0.5 -0.433013 0.5 0.666667 -0.776013 -0.595456 -0.207932
-0.612372 -0.707107 -0.353553 0.5 0.75 -0.776013 -0.595456 -0.207932
-0.866025 -0.5 -0 0.416667 0.666667 -0.776013 -0.595456 -0.207932
-0.75 -0.5 -0.433013 0.5 0.666667 -0.568081 -0.595456 -0.568081
-0.353553 -0.707107 -0.612372 0.583333 0.75 -0.568081 -0.595456 -0.568081
-0.612372 -0.707107 -0.353553 0.5 0.75 -0.568081 -0.595456 -0.568081
-0.433013 -0.5 -0.75 0.583333 0.666667 -0.568081 -0.595456 -0.568081
-0.353553 -0.707107 -0.612372 0.583333 0.75 -0.568081 -0.595456 -0.568081
-0.75 -0.5 -0.433013 0.5 0.666667 -0.568081 -0.595456 -0.568081
-0.433013 -0.5 -0.75 0.583333 0.666667 -0.207932 -0.595456 -0.776013
0 -0.707107 -0.707107 0.666667 0.75 -0.207932 -0.595456 -0.776013
-0.353553 -0.707107 -0.612372 0.583333 0.75 -0.207932 -0.595456 -0.776013
0 -0.5 -0.866025 0.666667 0.666667 -0.207932 -0.595456 -0.776013
0 -0.707107 -0.707107 0.666667 0.75 -0.207932 -0.595456 -0.776013
-0.433013 -0.5 -0.75 0.583333 0.666667 -0.207932 -0.595456 -0.776013
0 -0.5 -0.866025 0.666667 0.666667 0.207932 -0.595456 -0.776013
0.353553 -0.707107 -0.612372 0.75 0.75 0.207932 -0.595456 -0.776013
0 -0.707107 -0.707107 0.666667 0.75 0.207932 -0.595456 -0.776013
0.433013 -0.5 -0.75 0.75 0.666667 0.207932 -0.595456 -0.776013
0.353553 -0.707107 -0.612372 0.75 0.75 0.207932 -0.595456 -0.776013
0 -0.5 -0.866025 0.666667 0.666667 0.207932 -0.595456 -0.776013
0.433013 -0.5 -0.75 0.75 0.666667 0.568081 -0.595456 -0.568081
0.612372 -0.707107 -0.353553 0.833333 0.75 0.568081 -0.595456 -0.568081
0.353553 -0.707107 -0.612372 0.75 0.75 0.568081 -0.595456 -0.568081
0.75 -0.5 -0.433013 0.833333 0.666667 0.568081 -0.595456 -0.568081
0.612372 -0.707107 -0.353553 0.833333 0.75 0.568081 -0.595456 -0.568081
0.433013 -0.5 -0.75 0.75 0.666667 0.568081 -0.595456 -0.568081
0.75 -0.5 -0.433013 0.833333 0.666667 0.776013 -0.595456 -0.207932
0.707107 -0.707107 -0 0.916667 0.75 0.776013 -0.595456 -0.207932
0.612372 -0.707107 -0.353553 0.833333 0.75 0.776013 -0.595456 -0.207932
0.866025 -0.5 -0 0.916667 0.666667 0.776013 -0.595456 -0.207932
0.707107 -0.707107 -0 0.916667 0.75 0.776013 -0.595456 -0.207932
0.75 -0.5 -0.433013 0.833333 0.666667 0.776013 -0.595456 -0.207932
0.866025 -0.5 -0 0.916667 0.666667 0.776013 -0.595456 0.207932
0.612372 -0.707107 0.353553 1 0.75 0.776013 -0.595456 0.207932
0.707107 -0.707107 -0 0.916667 0.75 0.776013 -0.595456 0.207932
0.75 -0.5 0.433013 1 0.666667 0.776013 -0.595456 0.207932
0.612372 -0.707107 0.353553 1 0.75 0.776013 -0.595456 0.207932
0.866025 -0.5 -0 0.916667 0.666667 0.776013 -0.595456 0.207932
0.571401 -0.176792 0.329899 0 0.583333 0.60196 0.524678 0.60196
0.433013 -0.5 0.75 0.083333 0.666667 0.60196 0.524679 0.60196
0.75 -0.5 0.433013 0 0.666667 0.60196 0.524679 0.60196
0.329899 -0.176792 0.571401 0.083333 0.583333 0.60196 0.524678 0.60196
0.433013 -0.5 0.75 0.083333 0.666667 0.60196 0.524679 0.60196
0.571401 -0.176792 0.329899 0 0.583333 0.60196 0.524678 0.60196
0.329899 -0.176792 0.571401 0.083333 0.583333 0.220333 0.524679 0.822293
0 -0.5 0.866025 0.166667 0.666667 0.220333 0.524679 0.822293
0.433013 -0.5 0.75 0.083333 0.666667 0.220333 0.524679 0.822293
0 -0.176792 0.659797 0.166667 0.583333 0.220333 0.524678 0.822293
0 -0.5 0.866025 0.166667 0.666667 0.220333 0.524679 0.822293
0.329899 -0.176792 0.571401 0.083333 0.583333 0.220333 0.524679 0.822293
0 -0.176792 0.659797 0.166667 0.583333 -0.220333 0.524679 0.822293
-0.433013 -0.5 0.75 0.25 0.666667 -0.220333 0.524679 0.822293
0 -0.5 0.866025 0.166667 0.666667 -0.220333 0.524678 0.822293
-0.329899 -0.176792 0.571401 0.25 0.583333 -0.220333 0.524679 0.822293
-0.433013 -0.5 0.75 0.25 0.666667 -0.220333 0.524679 0.822293
0 -0.176792 0.659797 0.166667 0.583333 -0.220333 0.524679 0.822293
-0.329899 -0.176792 0.571401 0.25 0.583333 -0.60196 0.524678 0.60196
-0.75 -0.5 0.433013 0.333333 0.666667 -0.60196 0.524679 0.60196
-0.433013 -0.5 0.75 0.25 0.666667 -0.60196 0.524678 0.60196
-0.571401 -0.176792 0.329899 0.333333 0.583333 -0.60196 0.524679 0.60196
-0.75 -0.5 0.433013 0.333333 0.666667 -0.60196 0.524679 0.60196
-0.329899 -0.176792 0.571401 0.25 0.583333 -0.60196 0.524678 0.60196
-0.571401 -0.176792 0.329899 0.333333 0.583333 -0.822293 0.524679 0.220333
-0.866025 -0.5 -0 0.416667 0.666667 -0.822293 0.524679 0.220333
-0.75 -0.5 0.433013 0.333333 0.666667 -0.822293 0.524679 0.220333
-0.659797 -0.176792 -0 0.416667 0.583333 -0.822293 0.524678 0.220333
-0.866025 -0.5 -0 0.416667 0.666667 -0.822293 0.524679 0.220333
-0.571401 -0.176792 0.329899 0.333333 0.583333 -0.822293 0.524679 0.220333
-0.659797 -0.176792 -0 0.416667 0.583333 -0.822293 0.524679 -0.220333
-0.75 -0.5 -0.433013 0.5 0.666667 -0.822293 0.524679 -0.220333
-0.866025 -0.5 -0 0.416667 0.666667 -0.822293 0.524679 -0.220333
-0.571401 -0.176792 -0.329899 0.5 0.583333 -0.822293 0.524678 -0.220333
-0.75 -0.5 -0.433013 0.5 0.666667 -0.822293 0.524679 -0.220333
-0.659797 -0.176792 -0 0.416667 0.583333 -0.822293 0.524679 -0.220333
-0.571401 -0.176792 -0.329899 0.5 0.583333 -0.60196 0.524678 -0.60196
-0.433013 -0.5 -0.75 0.583333 0.666667 -0.60196 0.524679 -0.60196
-0.75 -0.5 -0.433013 0.5 0.666667 -0.60196 0.524679 -0.60196
-0.329899 -0.176792 -0.571401 0.583333 0.583333 -0.60196 0.524678 -0.60196
-0.433013 -0.5 -0.75 0.583333 0.666667 -0.60196 0.524679 -0.60196
-0.571401 -0.176792 -0.329899 0.5 0.583333 -0.60196 0.524678 -0.60196
-0.329899 -0.176792 -0.571401 0.583333 0.583333 -0.220333 0.524679 -0.822293
0 -0.5 -0.866025 0.666667 0.666667 -0.220333 0.524679 -0.822293
-0.433013 -0.5 -0.75 0.583333 0.666667 -0.220333 0.524679 -0.822293
0 -0.176792 -0.659797 0.666667 0.583333 -0.220333 0.524678 -0.822293
0 -0.5 -0.866025 0.666667 0.666667 -0.220333 0.524679 -0.822293
-0.329899 -0.176792 -0.571401 0.583333 0.583333 -0.220333 0.524679 -0.822293
0 -0.176792 -0.659797 0.666667 0.583333 0.220333 0.524679 -0.822293
0.433013 -0.5 -0.75 0.75 0.666667 0.220333 0.524679 -0.822293
0 -0.5 -0.866025 0.666667 0.666667 0.220333 0.524678 -0.822293
0.329899 -0.176792 -0.571401 0.75 0.583333 0.220333 0.524679 -0.822293
0.433013 -0.5 -0.75 0.75 0.666667 0.220333 0.524679 -0.822293
0 -0.176792 -0.659797 0.666667 0.583333 0.220333 0.524679 -0.822293
0.329899 -0.176792 -0.571401 0.75 0.583333 0.60196 0.524678 -0.60196
0.75 -0.5 -0.433013 0.833333 0.666667 0.60196 0.524679 -0.60196
0.433013 -0.5 -0.75 0.75 0.666667 0.60196 0.524678 -0.60196
0.571401 -0.176792 -0.329899 0.833333 0.583333 0.60196 0.524679 -0.60196
0.75 -0.5 -0.433013 0.833333 0.666667 0.60196 0.524679 -0.60196
0.329899 -0.176792 -0.571401 0.75 0.583333 0.60196 0.524678 -0.60196
0.571401 -0.176792 -0.329899 0.833333 0.583333 0.822293 0.524679 -0.220333
0.866025 -0.5 -0 0.916667 0.666667 0.822293 0.524679 -0.220333
0.75 -0.5 -0.433013 0.833333 0.666667 0.822293 0.524679 -0.220333
0.659797 -0.176792 -0 0.916667 0.583333 0.822293 0.524678 -0.220333
0.866025 -0.5 -0 0.916667 0.666667 0.822293 0.524679 -0.220333
0.571401 -0.176792 -0.329899 0.833333 0.583333 0.822293 0.524679 -0.220333
0.659797 -0.176792 -0 0.916667 0.583333 0.822293 0.524679 0.220333
0.75 -0.5 0.433013 1 0.666667 0.822293 0.524679 0.220333
0.866025 -0.5 -0 0.916667 0.666667 0.822293 0.524679 0.220333
0.571401 -0.176792 0.329899 1 0.583333 0.822293 0.524678 0.220333
0.75 -0.5 0.433013 1 0.666667 0.822293 0.524679 0.220333
0.659797 -0.176792 -0 0.916667 0.583333 0.822293 0.524679 0.220333
0.591558 0 0.341536 0 0.5 0.701458 -0.126151 0.701458
0.329899 -0.176792 0.571401 0.083333 0.583333 0.701458 -0.126151 0.701458
0.571401 -0.176792 0.329899 0 0.583333 0.701458 -0.126151 0.701458
0.341536 0 0.591558 0.083333 0.5 0.701458 -0.126151 0.701458
0.329899 -0.176792 0.571401 0.083333 0.583333 0.701458 -0.126151 0.701458
0.591558 0 0.341536 0 0.5 0.701458 -0.126151 0.701458
0.341536 0 0.591558 0.083333 0.5 0.256752 -0.126151 0.958209
0 -0.176792 0.659797 0.166667 0.583333 0.256751 -0.12615 0.958209
0.329899 -0.176792 0.571401 0.083333 0.583333 0.256752 -0.126151 0.958209
0 0 0.683072 0.166667 0.5 0.256751 -0.12615 0.958209
0 -0.176792 0.659797 0.166667 0.583333 0.256751 -0.12615 0.958209
0.341536 0 0.591558 0.083333 0.5 0.256752 -0.126151 0.958209
0 0 0.683072 0.166667 0.5 -0.256752 -0.12615 0.958209
-0.329899 -0.176792 0.571401 0.25 0.583333 -0.256751 -0.126151 0.958209
0 -0.176792 0.659797 0.166667 0.583333 -0.256752 -0.12615 0.958209
-0.341536 0 0.591558 0.25 0.5 -0.256751 -0.126151 0.958209
-0.329899 -0.176792 0.571401 0.25 0.583333 -0.256751 -0.126151 0.958209
0 0 0.683072 0.166667 0.5 -0.256752 -0.12615 0.958209
-0.341536 0 0.591558 0.25 0.5 -0.701458 -0.126151 0.701458
-0.571401 -0.176792 0.329899 0.333333 0.583333 -0.701458 -0.126151 0.701458
-0.329899 -0.176792 0.571401 0.25 0.583333 -0.701458 -0.126151 0.701458
-0.591558 0 0.341536 0.333333 0.5 -0.701458 -0.126151 0.701458
-0.571401 -0.176792 0.329899 0.333333 0.583333 -0.701458 -0.126151 0.701458
-0.341536 0 0.591558 0.25 0.5 -0.701458 -0.126151 0.701458
-0.591558 0 0.341536 0.333333 0.5 -0.958209 -0.126151 0.256752
-0.659797 -0.176792 -0 0.416667 0.583333 -0.958209 -0.12615 0.256751
-0.571401 -0.176792 0.329899 0.333333 0.583333 -0.958209 -0.126152 0.256752
-0.683072 0 -0 0.416667 0.5 -0.958209 -0.12615 0.256751
-0.659797 -0.176792 -0 0.416667 0.583333 -0.958209 -0.12615 0.256751
-0.591558 0 0.341536 0.333333 0.5 -0.958209 -0.126151 0.256752
-0.683072 0 -0 0.416667 0.5 -0.958209 -0.12615 -0.256752
-0.571401 -0.176792 -0.329899 0.5 0.583333 -0.958209 -0.126151 -0.256751
-0.659797 -0.176792 -0 0.416667 0.583333 -0.958209 -0.12615 -0.256752
-0.591558 0 -0.341536 0.5 0.5 -0.958209 -0.126151 -0.256751
-0.571401 -0.176792 -0.329899 0.5 0.583333 -0.958209 -0.126151 -0.256751
-0.683072 0 -0 0.416667 0.5 -0.958209 -0.12615 -0.256752
-0.591558 0 -0.341536 0.5 0.5 -0.701458 -0.126151 -0.701458
-0.329899 -0.176792 -0.571401 0.583333 0.583333 -0.701458 -0.126151 -0.701458
-0.571401 -0.176792 -0.329899 0.5 0.583333 -0.701458 -0.126151 -0.701458
-0.341536 0 -0.591558 0.583333 0.5 -0.701458 -0.126151 -0.701458
-0.329899 -0.176792 -0.571401 0.583333 0.583333 -0.701458 -0.126151 -0.701458
-0.591558 0 -0.341536 0.5 0.5 -0.701458 -0.126151 -0.701458
-0.341536 0 -0.591558 0.583333 0.5 -0.256752 -0.126151 -0.958209
0 -0.176792 -0.659797 0.666667 0.583333 -0.256751 -0.12615 -0.958209
-0.329899 -0.176792 -0.571401 0.583333 0.583333 -0.256752 -0.126151 -0.958209
0 0 -0.683072 0.666667 0.5 -0.256751 -0.12615 -0.958209
0 -0.176792 -0.659797 0.666667 0.583333 -0.256751 -0.12615 -0.958209
-0.341536 0 -0.591558 0.583333 0.5 -0.256752 -0.126151 -0.958209
0 0 -0.683072 0.666667 0.5 0.256752 -0.12615 -0.958209
0.329899 -0.176792 -0.571401 0.75 0.583333 0.256751 -0.126151 -0.958209
0 -0.176792 -0.659797 0.666667 0.583333 0.256752 -0.12615 -0.958209
0.341536 0 -0.591558 0.75 0.5 0.256751 -0.126151 -0.958209
0.329899 -0.176792 -0.571401 0.75 0.583333 0.256751 -0.126151 -0.958209
0 0 -0.683072 0.666667 0.5 0.256752 -0.12615 -0.958209
0.341536 0 -0.591558 0.75 0.5 0.701458 -0.126151 -0.701458
0.571401 -0.176792 -0.329899 0.833333 0.583333 0.701458 -0.126151 -0.701458
0.329899 -0.176792 -0.571401 0.75 0.583333 0.701458 -0.126151 -0.701458
0.591558 0 -0.341536 0.833333 0.5 0.701458 -0.126151 -0.701458
0.571401 -0.176792 -0.329899 0.833333 0.583333 0.701458 -0.126151 -0.701458
0.341536 0 -0.591558 0.75 0.5 0.701458 -0.126151 -0.701458
0.591558 0 -0.341536 0.833333 0.5 0.958209 -0.126151 -0.256752
0.659797 -0.176792 -0 0.916667 0.583333 0.958209 -0.12615 -0.256751
0.571401 -0.176792 -0.329899 0.833333 0.583333 0.958209 -0.126152 -0.256752
0.683072 0 -0 0.916667 0.5 0.958209 -0.12615 -0.256751
0.659797 -0.176792 -0 0.916667 0.583333 0.958209 -0.12615 -0.256751
0.591558 0 -0.341536 0.833333 0.5 0.958209 -0.126151 -0.256752
0.683072 0 -0 0.916667 0.5 0.958209 -0.12615 0.256752
0.571401 -0.176792 0.329899 1 0.583333 0.958209 -0.126151 0.256751
0.659797 -0.176792 -0 0.916667 0.583333 0.958209 -0.12615 0.256752
0.591558 0 0.341536 1 0.5 0.958209 -0.126151 0.256751
0.571401 -0.176792 0.329899 1 0.583333 0.958209 -0.126151 0.256751
0.683072 0 -0 0.916667 0.5 0.958209 -0.12615 0.256752
0.571401 0.176792 0.329899 0 0.416667 0.701458 0.126151 0.701458
0.341536 0 0.591558 0.083333 0.5 0.701458 0.126151 0.701458
0.591558 0 0.341536 0 0.5 0.701458 0.126151 0.701458
0.329899 0.176792 0.571401 0.083333 0.416667 0.701458 0.126151 0.701458
0.341536 0 0.591558 0.083333 0.5 0.701458 0.126151 0.701458
0.571401 0.176792 0.329899 0 0.416667 0.701458 0.126151 0.701458
0.329899 0.176792 0.571401 0.083333 0.416667 0.256751 0.126151 0.958209
0 0 0.683072 0.166667 0.5 0.256752 0.12615 0.958209
0.341536 0 0.591558 0.083333 0.5 0.256751 0.126151 0.958209
0 0.176792 0.659797 0.166667 0.416667 0.256752 0.12615 0.958209
0 0 0.683072 0.166667 0.5 0.256752 0.12615 0.958209
0.329899 0.176792 0.571401 0.083333 0.416667 0.256751 0.126151 0.958209
0 0.176792 0.659797 0.166667 0.416667 -0.256751 0.12615 0.958209
-0.341536 0 0.591558 0.25 0.5 -0.256752 0.126151 0.958209
0 0 0.683072 0.166667 0.5 -0.256751 0.12615 0.958209
-0.329899 0.176792 0.571401 0.25 0.416667 -0.256752 0.126151 0.958209
-0.341536 0 0.591558 0.25 0.5 -0.256752 0.126151 0.958209
0 0.176792 0.659797 0.166667 0.416667 -0.256751 0.12615 0.958209
-0.329899 0.176792 0.571401 0.25 0.416667 -0.701458 0.126151 0.701458
-0.591558 0 0.341536 0.333333 0.5 -0.701458 0.126151 0.701458
-0.341536 0 0.591558 0.25 0.5 -0.701458 0.126151 0.701458
-0.571401 0.176792 0.329899 0.333333 0.416667 -0.701458 0.126151 0.701458
-0.591558 0 0.341536 0.333333 0.5 -0.701458 0.126151 0.701458
-0.329899 0.176792 0.571401 0.25 0.416667 -0.701458 0.126151 0.701458
-0.571401 0.176792 0.329899 0.333333 0.416667 -0.958209 0.126151 0.256751
-0.683072 0 -0 0.416667 0.5 -0.958209 0.12615 0.256752
-0.591558 0 0.341536 0.333333 0.5 -0.958209 0.126151 0.256751
-0.659797 0.176792 -0 0.416667 0.416667 -0.958209 0.12615 0.256752
-0.683072 0 -0 0.416667 0.5 -0.958209 0.12615 0.256752
-0.571401 0.176792 0.329899 0.333333 0.416667 -0.958209 0.126151 0.256751
-0.659797 0.176792 -0 0.416667 0.416667 -0.958209 0.12615 -0.256751
-0.591558 0 -0.341536 0.5 0.5 -0.958209 0.126151 -0.256752
-0.683072 0 -0 0.416667 0.5 -0.958209 0.12615 -0.256751
-0.571401 0.176792 -0.329899 0.5 0.416667 -0.958209 0.126151 -0.256752
-0.591558 0 -0.341536 0.5 0.5 -0.958209 0.126151 -0.256752
-0.659797 0.176792 -0 0.416667 0.416667 -0.958209 0.12615 -0.256751
-0.571401 0.176792 -0.329899 0.5 0.416667 -0.701458 0.126151 -0.701458
-0.341536 0 -0.591558 0.583333 0.5 -0.701458 0.126151 -0.701458
-0.591558 0 -0.341536 0.5 0.5 -0.701458 0.126151 -0.701458
-0.329899 0.176792 -0.571401 0.583333 0.416667 -0.701458 0.126151 -0.701458
-0.341536 0 -0.591558 0.583333 0.5 -0.701458 0.126151 -0.701458
-0.571401 0.176792 -0.329899 0.5 0.416667 -0.701458 0.126151 -0.701458
-0.329899 0.176792 -0.571401 0.583333 0.416667 -0.256751 0.126151 -0.958209
0 0 -0.683072 0.666667 0.5 -0.256752 0.12615 -0.958209
-0.341536 0 -0.591558 0.583333 0.5 -0.256751 0.126151 -0.958209
0 0.176792 -0.659797 0.666667 0.416667 -0.256752 0.12615 -0.958209
0 0 -0.683072 0.666667 0.5 -0.256752 0.12615 -0.958209
-0.329899 0.176792 -0.571401 0.583333 0.416667 -0.256751 0.126151 -0.958209
0 0.176792 -0.659797 0.666667 0.416667 0.256751 0.12615 -0.958209
0.341536 0 -0.591558 0.75 0.5 0.256752 0.126151 -0.958209
0 0 -0.683072 0.666667 0.5 0.256751 0.12615 -0.958209
0.329899 0.176792 -0.571401 0.75 0.416667 0.256752 0.126151 -0.958209
0.341536 0 -0.591558 0.75 0.5 0.256752 0.126151 -0.958209
0 0.176792 -0.659797 0.666667 0.416667 0.256751 0.12615 -0.958209
0.329899 0.176792 -0.571401 0.75 0.416667 0.701458 0.126151 -0.701458
0.591558 0 -0.341536 0.833333 0.5 0.701458 0.126151 -0.701458
0.341536 0 -0.591558 0.75 0.5 0.701458 0.126151 -0.701458
0.571401 0.176792 -0.329899 0.833333 0.416667 0.701458 0.126151 -0.701458
0.591558 0 -0.341536 0.833333 0.5 0.701458 0.126151 -0.701458
0.329899 0.176792 -0.571401 0.75 0.416667 0.701458 0.126151 -0.701458
0.571401 0.176792 -0.329899 0.833333 0.416667 0.958209 0.126151 -0.256751
0.683072 0 -0 0.916667 0.5 0.958209 0.12615 -0.256752
0.591558 0 -0.341536 0.833333 0.5 0.958209 0.126151 -0.256751
0.659797 0.176792 -0 0.916667 0.416667 0.958209 0.12615 -0.256752
0.683072 0 -0 0.916667 0.5 0.958209 0.12615 -0.256752
0.571401 0.176792 -0.329899 0.833333 0.416667 0.958209 0.126151 -0.256751
0.659797 0.176792 -0 0.916667 0.416667 0.958209 0.12615 0.256751
0.591558 0 0.341536 1 0.5 0.958209 0.126151 0.256752
0.683072 0 -0 0.916667 0.5 0.958209 0.12615 0.256751
0.571401 0.176792 0.329899 1 0.416667 0.958209 0.126151 0.256752
0.591558 0 0.341536 1 0.5 0.958209 0.126151 0.256752
0.659797 0.176792 -0 0.916667 0.416667 0.958209 0.12615 0.256751
0.75 0.5 0.433013 0 0.333333 0.60196 -0.524679 0.60196
0.329899 0.176792 0.571401 0.083333 0.416667 0.60196 -0.524679 0.60196
0.571401 0.176792 0.329899 0 0.416667 0.60196 -0.524679 0.60196
0.433013 0.5 0.75 0.083333 0.333333 0.60196 -0.524679 0.60196
0.329899 0.176792 0.571401 0.083333 0.416667 0.60196 -0.524679 0.60196
0.75 0.5 0.433013 0 0.333333 0.60196 -0.524679 0.60196
0.433013 0.5 0.75 0.083333 0.333333 0.220333 -0.524678 0.822293
0 0.176792 0.659797 0.166667 0.416667 0.220333 -0.524679 0.822293
0.329899 0.176792 0.571401 0.083333 0.416667 0.220333 -0.524679 0.822293
0 0.5 0.866025 0.166667 0.333333 0.220333 -0.524678 0.822293
0 0.176792 0.659797 0.166667 0.416667 0.220333 -0.524679 0.822293
0.433013 0.5 0.75 0.083333 0.333333 0.220333 -0.524678 0.822293
0 0.5 0.866025 0.166667 0.333333 -0.220333 -0.524679 0.822293
-0.329899 0.176792 0.571401 0.25 0.416667 -0.220333 -0.524679 0.822293
0 0.176792 0.659797 0.166667 0.416667 -0.220333 -0.524678 0.822293
-0.433013 0.5 0.75 0.25 0.333333 -0.220333 -0.524679 0.822293
-0.329899 0.176792 0.571401 0.25 0.416667 -0.220333 -0.524679 0.822293
0 0.5 0.866025 0.166667 0.333333 -0.220333 -0.524679 0.822293
-0.433013 0.5 0.75 0.25 0.333333 -0.60196 -0.524679 0.60196
-0.571401 0.176792 0.329899 0.333333 0.416667 -0.60196 -0.524679 0.60196
-0.329899 0.176792 0.571401 0.25 0.416667 -0.60196 -0.524679 0.60196
-0.75 0.5 0.433013 0.333333 0.333333 -0.60196 -0.524679 0.60196
-0.571401 0.176792 0.329899 0.333333 0.416667 -0.60196 -0.524679 0.60196
-0.433013 0.5 0.75 0.25 0.333333 -0.60196 -0.524679 0.60196
-0.75 0.5 0.433013 0.333333 0.333333 -0.822293 -0.524679 0.220333
-0.659797 0.176792 -0 0.416667 0.416667 -0.822293 -0.524679 0.220333
-0.571401 0.176792 0.329899 0.333333 0.416667 -0.822293 -0.524678 0.220333
-0.866025 0.5 -0 0.416667 0.333333 -0.822293 -0.524679 0.220333
-0.659797 0.176792 -0 0.416667 0.416667 -0.822293 -0.524679 0.220333
-0.75 0.5 0.433013 0.333333 0.333333 -0.822293 -0.524679 0.220333
-0.866025 0.5 -0 0.416667 0.333333 -0.822293 -0.524679 -0.220333
-0.571401 0.176792 -0.329899 0.5 0.416667 -0.822293 -0.524679 -0.220333
-0.659797 0.176792 -0 0.416667 0.416667 -0.822293 -0.524678 -0.220333
-0.75 0.5 -0.433013 0.5 0.333333 -0.822293 -0.524679 -0.220333
-0.571401 0.176792 -0.329899 0.5 0.416667 -0.822293 -0.524679 -0.220333
-0.866025 0.5 -0 0.416667 0.333333 -0.822293 -0.524679 -0.220333
-0.75 0.5 -0.433013 0.5 0.333333 -0.60196 -0.524679 -0.60196
-0.329899 0.176792 -0.571401 0.583333 0.416667 -0.60196 -0.524679 -0.60196
-0.571401 0.176792 -0.329899 0.5 0.416667 -0.60196 -0.524679 -0.60196
-0.433013 0.5 -0.75 0.583333 0.333333 -0.60196 -0.524679 -0.60196
-0.329899 0.176792 -0.571401 0.583333 0.416667 -0.60196 -0.524679 -0.60196
-0.75 0.5 -0.433013 0.5 0.333333 -0.60196 -0.524679 -0.60196
-0.433013 0.5 -0.75 0.583333 0.333333 -0.220333 -0.524678 -0.822293
0 0.176792 -0.659797 0.666667 0.416667 -0.220333 -0.524679 -0.822293
-0.329899 0.176792 -0.571401 0.583333 0.416667 -0.220333 -0.524679 -0.822293
0 0.5 -0.866025 0.666667 0.333333 -0.220333 -0.524678 -0.822293
0 0.176792 -0.659797 0.666667 0.416667 -0.220333 -0.524679 -0.822293
-0.433013 0.5 -0.75 0.583333 0.333333 -0.220333 -0.524678 -0.822293
0 0.5 -0.866025 0.666667 0.333333 0.220333 -0.524679 -0.822293
0.329899 0.176792 -0.571401 0.75 0.416667 0.220333 -0.524679 -0.822293
0 0.176792 -0.659797 0.666667 0.416667 0.220333 -0.524678 -0.822293
0.433013 0.5 -0.75 0.75 0.333333 0.220333 -0.524679 -0.822293
0.329899 0.176792 -0.571401 0.75 0.416667 0.220333 -0.524679 -0.822293
0 0.5 -0.866025 0.666667 0.333333 0.220333 -0.524679 -0.822293
0.433013 0.5 -0.75 0.75 0.333333 0.60196 -0.524679 -0.60196
0.571401 0.176792 -0.329899 0.833333 0.416667 0.60196 -0.524679 -0.60196
0.329899 0.176792 -0.571401 0.75 0.416667 0.60196 -0.524679 -0.60196
0.75 0.5 -0.433013 0.833333 0.333333 0.60196 -0.524679 -0.60196
0.571401 0.176792 -0.329899 0.833333 0.416667 0.60196 -0.524679 -0.60196
0.433013 0.5 -0.75 0.75 0.333333 0.60196 -0.524679 -0.60196
0.75 0.5 -0.433013 0.833333 0.333333 0.822293 -0.524679 -0.220333
0.659797 0.176792 -0 0.916667 0.416667 0.822293 -0.524679 -0.220333
0.571401 0.176792 -0.329899 0.833333 0.416667 0.822293 -0.524678 -0.220333
0.866025 0.5 -0 0.916667 0.333333 0.822293 -0.524679 -0.220333
0.659797 0.176792 -0 0.916667 0.416667 0.822293 -0.524679 -0.220333
0.75 0.5 -0.433013 0.833333 0.333333 0.822293 -0.524679 -0.220333
0.866025 0.5 -0 0.916667 0.333333 0.822293 -0.524679 0.220333
0.571401 0.176792 0.329899 1 0.416667 0.822293 -0.524679 0.220333
0.659797 0.176792 -0 0.916667 0.416667 0.822293 -0.524678 0.220333
0.75 0.5 0.433013 1 0.333333 0.822293 -0.524679 0.220333
0.571401 0.176792 0.329899 1 0.416667 0.822293 -0.524679 0.220333
0.866025 0.5 -0 0.916667 0.333333 0.822293 -0.524679 0.220333
0.612372 0.707107 0.353553 0 0.25 0.568081 0.595456 0.568081
0.433013 0.5 0.75 0.083333 0.333333 0.568081 0.595456 0.568081
0.75 0.5 0.433013 0 0.333333 0.568081 0.595456 0.568081
0.353553 0.707107 0.612372 0.083333 0.25 0.568081 0.595456 0.568081
0.433013 0.5 0.75 0.083333 0.333333 0.568081 0.595456 0.568081
0.612372 0.707107 0.353553 0 0.25 0.568081 0.595456 0.568081
0.353553 0.707107 0.612372 0.083333 0.25 0.207932 0.595456 0.776013
0 0.5 0.866025 0.166667 0.333333 0.207932 0.595456 0.776013
0.433013 0.5 0.75 0.083333 0.333333 0.207932 0.595456 0.776013
0 0.707107 0.707107 0.166667 0.25 0.207932 0.595456 0.776013
0 0.5 0.866025 0.166667 0.333333 0.207932 0.595456 0.776013
0.353553 0.707107 0.612372 0.083333 0.25 0.207932 0.595456 0.776013
0 0.707107 0.707107 0.166667 0.25 -0.207932 0.595456 0.776013
-0.433013 0.5 0.75 0.25 0.333333 -0.207932 0.595456 0.776013
0 0.5 0.866025 0.166667 0.333333 -0.207932 0.595456 0.776013
-0.353553 0.707107 0.612372 0.25 0.25 -0.207932 0.595456 0.776013
-0.433013 0.5 0.75 0.25 0.333333 -0.207932 0.595456 0.776013
0 0.707107 0.707107 0.166667 0.25 -0.207932 0.595456 0.776013
-0.353553 0.707107 0.612372 0.25 0.25 -0.568081 0.595456 0.568081
-0.75 0.5 0.433013 0.333333 0.333333 -0.568081 0.595456 0.568081
-0.433013 0.5 0.75 0.25 0.333333 -0.568081 0.595456 0.568081
-0.612372 0.707107 0.353553 0.333333 0.25 -0.568081 0.595456 0.568081
-0.75 0.5 0.433013 0.333333 0.333333 -0.568081 0.595456 0.568081
-0.353553 0.707107 0.612372 0.25 0.25 -0.568081 0.595456 0.568081
-0.612372 0.707107 0.353553 0.333333 0.25 -0.776013 0.595456 0.207932
-0.866025 0.5 -0 0.416667 0.333333 -0.776013 0.595456 0.207932
-0.75 0.5 0.433013 0.333333 0.333333 -0.776013 0.595456 0.207932
-0.707107 0.707107 -0 0.416667 0.25 -0.776013 0.595456 0.207932
-0.866025 0.5 -0 0.416667 0.333333 -0.776013 0.595456 0.207932
-0.612372 0.707107 0.353553 0.333333 0.25 -0.776013 0.595456 0.207932
-0.707107 0.707107 -0 0.416667 0.25 -0.776013 0.595456 -0.207932
-0.75 0.5 -0.433013 0.5 0.333333 -0.776013 0.595456 -0.207932
-0.866025 0.5 -0 0.416667 0.333333 -0.776013 0.595456 -0.207932
-0.612372 0.707107 -0.353553 0.5 0.25 -0.776013 0.595456 -0.207932
-0.75 0.5 -0.433013 0.5 0.333333 -0.776013 0.595456 -0.207932
-0.707107 0.707107 -0 0.416667 0.25 -0.776013 0.595456 -0.207932
-0.612372 0.707107 -0.353553 0.5 0.25 -0.568081 0.595456 -0.568081
-0.433013 0.5 -0.75 0.583333 0.333333 -0.568081 0.595456 -0.568081
-0.75 0.5 -0.433013 0.5 0.333333 -0.568081 0.595456 -0.568081
-0.353553 0.707107 -0.612372 0.583333 0.25 -0.568081 0.595456 -0.568081
-0.433013 0.5 -0.75 0.583333 0.333333 -0.568081 0.595456 -0.568081
-0.612372 0.707107 -0.353553 0.5 0.25 -0.568081 0.595456 -0.568081
-0.353553 0.707107 -0.612372 0.583333 0.25 -0.207932 0.595456 -0.776013
0 0.5 -0.866025 0.666667 0.333333 -0.207932 0.595456 -0.776013
-0.433013 0.5 -0.75 0.583333 0.333333 -0.207932 0.595456 -0.776013
0 0.707107 -0.707107 0.666667 0.25 -0.207932 0.595456 -0.776013
0 0.5 -0.866025 0.666667 0.333333 -0.207932 0.595456 -0.776013
-0.353553 0.707107 -0.612372 0.583333 0.25 -0.207932 0.595456 -0.776013
0 0.707107 -0.707107 0.666667 0.25 0.207932 0.595456 -0.776013
0.433013 0.5 -0.75 0.75 0.333333 0.207932 0.595456 -0.776013
0 0.5 -0.866025 0.666667 0.333333 0.207932 0.595456 -0.776013
0.353553 0.707107 -0.612372 0.75 0.25 0.207932 0.595456 -0.776013
0.433013 0.5 -0.75 0.75 0.333333 0.207932 0.595456 -0.776013
0 0.707107 -0.707107 0.666667 0.25 0.207932 0.595456 -0.776013
0.353553 0.707107 -0.612372 0.75 0.25 0.568081 0.595456 -0.568081
0.75 0.5 -0.433013 0.833333 0.333333 0.568081 0.595456 -0.568081
0.433013 0.5 -0.75 0.75 0.333333 0.568081 0.595456 -0.568081
0.612372 0.707107 -0.353553 0.833333 0.25 0.568081 0.595456 -0.568081
0.75 0.5 -0.433013 0.833333 0.333333 0.568081 0.595456 -0.568081
0.353553 0.707107 -0.612372 0.75 0.25 0.568081 0.595456 -0.568081
0.612372 0.707107 -0.353553 0.833333 0.25 0.776013 0.595456 -0.207932
0.866025 0.5 -0 0.916667 0.333333 0.776013 0.595456 -0.207932
0.75 0.5 -0.433013 0.833333 0.333333 0.776013 0.595456 -0.207932
0.707107 0.707107 -0 0.916667 0.25 0.776013 0.595456 -0.207932
0.866025 0.5 -0 0.916667 0.333333 0.776013 0.595456 -0.207932
0.612372 0.707107 -0.353553 0.833333 0.25 0.776013 0.595456 -0.207932
0.707107 0.707107 -0 0.916667 0.25 0.776013 0.595456 0.207932
0.75 0.5 0.433013 1 0.333333 0.776013 0.595456 0.207932
0.866025 0.5 -0 0.916667 0.333333 0.776013 0.595456 0.207932
0.612372 0.707107 0.353553 1 0.25 0.776013 0.595456 0.207932
0.75 0.5 0.433013 1 0.333333 0.776013 0.595456 0.207932
0.707107 0.707107 -0 0.916667 0.25 0.776013 0.595456 0.207932
0.433013 0.866025 0.25 0 0.166667 0.439831 0.783005 0.439831
0.353553 0.707107 0.612372 0.083333 0.25 0.439831 0.783005 0.439831
0.612372 0.707107 0.353553 0 0.25 0.439831 0.783005 0.439831
0.25 0.866025 0.433013 0.083333 0.166667 0.439831 0.783005 0.439831
0.353553 0.707107 0.612372 0.083333 0.25 0.439831 0.783005 0.439831
0.433013 0.866025 0.25 0 0.166667 0.439831 0.783005 0.439831
0.25 0.866025 0.433013 0.083333 0.166667 0.16099 0.783005 0.600821
0 0.707107 0.707107 0.166667 0.25 0.16099 0.783005 0.600821
0.353553 0.707107 0.612372 0.083333 0.25 0.160989 0.783005 0.600821
0 0.866025 0.5 0.166667 0.166667 0.16099 0.783005 0.600821
0 0.707107 0.707107 0.166667 0.25 0.16099 0.783005 0.600821
0.25 0.866025 0.433013 0.083333 0.166667 0.16099 0.783005 0.600821
-0.080495 1.25753 0.80041 0.166667 0.166667 -0.16099 0.783005 0.600821
-0.434048 1.09861 0.912783 0.25 0.25 -0.16099 0.783005 0.600821
-0.080495 1.09861 1.00752 0.166667 0.25 -0.16099 0.783005 0.600821
-0.330495 1.25753 0.733423 0.25 0.166667 -0.160989 0.783005 0.600821
-0.434048 1.09861 0.912783 0.25 0.25 -0.16099 0.783005 0.600821
-0.080495 1.25753 0.80041 0.166667 0.166667 -0.16099 0.783005 0.600821
-0.25 0.866025 0.433013 0.25 0.166667 -0.439831 0.783005 0.439831
-0.612372 0.707107 0.353553 0.333333 0.25 -0.439831 0.783005 0.439831
-0.353553 0.707107 0.612372 0.25 0.25 -0.439831 0.783005 0.439831
-0.433013 0.866025 0.25 0.333333 0.166667 -0.439831 0.783005 0.439832
-0.612372 0.707107 0.353553 0.333333 0.25 -0.439831 0.783005 0.439831
-0.25 0.866025 0.433013 0.25 0.166667 -0.439831 0.783005 0.439831
-0.433013 0.866025 0.25 0.333333 0.166667 -0.600821 0.783005 0.16099
-0.707107 0.707107 -0 0.416667 0.25 -0.600821 0.783005 0.16099
-0.612372 0.707107 0.353553 0.333333 0.25 -0.600821 0.783005 0.16099
-0.5 0.866025 -0 0.416667 0.166667 -0.600821 0.783005 0.16099
-0.707107 0.707107 -0 0.416667 0.25 -0.600821 0.783005 0.16099
-0.433013 0.866025 0.25 0.333333 0.166667 -0.600821 0.783005 0.16099
-0.80041 1.25753 -0.080495 0.416667 0.166667 -0.600821 0.783005 -0.160989
-0.912783 1.09861 -0.434048 0.5 0.25 -0.600821 0.783005 -0.160989
-1.00752 1.09861 -0.080495 0.416667 0.25 -0.600821 0.783005 -0.16099
-0.733423 1.25753 -0.330495 0.5 0.166667 -0.600821 0.783005 -0.160989
-0.912783 1.09861 -0.434048 0.5 0.25 -0.600821 0.783005 -0.160989
-0.80041 1.25753 -0.080495 0.416667 0.166667 -0.600821 0.783005 -0.160989
-0.433013 0.866025 -0.25 0.5 0.166667 -0.439831 0.783005 -0.439831
-0.353553 0.707107 -0.612372 0.583333 0.25 -0.439831 0.783005 -0.439831
-0.612372 0.707107 -0.353553 0.5 0.25 -0.439831 0.783005 -0.439831
-0.25 0.866025 -0.433013 0.583333 0.166667 -0.439831 0.783005 -0.439831
-0.353553 0.707107 -0.612372 0.583333 0.25 -0.439831 0.783005 -0.439831
-0.433013 0.866025 -0.25 0.5 0.166667 -0.439831 0.783005 -0.439831
-0.25 0.866025 -0.433013 0.583333 0.166667 -0.16099 0.783005 -0.600821
0 0.707107 -0.707107 0.666667 0.25 -0.16099 0.783005 -0.600821
-0.353553 0.707107 -0.612372 0.583333 0.25 -0.160989 0.783005 -0.600821
0 0.866025 -0.5 0.666667 0.166667 -0.16099 0.783005 -0.600821
0 0.707107 -0.707107 0.666667 0.25 -0.16099 0.783005 -0.600821
-0.25 0.866025 -0.433013 0.583333 0.166667 -0.16099 0.783005 -0.600821
0.080495 1.25753 -0.80041 0.666667 0.166667 0.16099 0.783005 -0.600821
0.434048 1.09861 -0.912783 0.75 0.25 0.16099 0.783005 -0.600821
0.080495 1.09861 -1.00752 0.666667 0.25 0.16099 0.783005 -0.600821
0.330495 1.25753 -0.733423 0.75 0.166667 0.160989 0.783005 -0.600821
0.434048 1.09861 -0.912783 0.75 0.25 0.16099 0.783005 -0.600821
0.080495 1.25753 -0.80041 0.666667 0.166667 0.16099 0.783005 -0.600821
0.25 0.866025 -0.433013 0.75 0.166667 0.439831 0.783005 -0.439831
0.612372 0.707107 -0.353553 0.833333 0.25 0.439831 0.783005 -0.439831
0.353553 0.707107 -0.612372 0.75 0.25 0.439831 0.783005 -0.439831
0.433013 0.866025 -0.25 0.833333 0.166667 0.439831 0.783005 -0.439832
0.612372 0.707107 -0.353553 0.833333 0.25 0.439831 0.783005 -0.439831
0.25 0.866025 -0.433013 0.75 0.166667 0.439831 0.783005 -0.439831
0.433013 0.866025 -0.25 0.833333 0.166667 0.600821 0.783005 -0.16099
0.707107 0.707107 -0 0.916667 0.25 0.600821 0.783005 -0.16099
0.612372 0.707107 -0.353553 0.833333 0.25 0.600821 0.783005 -0.16099
0.5 0.866025 -0 0.916667 0.166667 0.600821 0.783005 -0.16099
0.707107 0.707107 -0 0.916667 0.25 0.600821 0.783005 -0.16099
0.433013 0.866025 -0.25 0.833333 0.166667 0.600821 0.783005 -0.16099
0.80041 1.25753 0.080495 0.916667 0.166667 0.600821 0.783005 0.160989
0.912783 1.09861 0.434048 1 0.25 0.600821 0.783005 0.160989
1.00752 1.09861 0.080495 0.916667 0.25 0.600821 0.783005 0.16099
0.733423 1.25753 0.330495 1 0.166667 0.600821 0.783005 0.160989
0.912783 1.09861 0.434048 1 0.25 0.600821 0.783005 0.160989
0.80041 1.25753 0.080495 0.916667 0.166667 0.600821 0.783005 0.160989
0.224144 0.965926 0.12941 0 0.083333 0.278683 0.919061 0.278683
0.25 0.866025 0.433013 0.083333 0.166667 0.278683 0.919061 0.278682
0.433013 0.866025 0.25 0 0.166667 0.278682 0.919061 0.278682
0.12941 0.965926 0.224144 0.083333 0.083333 0.278683 0.91906 0.278683
0.25 0.866025 0.433013 0.083333 0.166667 0.278683 0.919061 0.278682
0.224144 0.965926 0.12941 0 0.083333 0.278683 0.919061 0.278683
0.12941 0.965926 0.224144 0.083333 0.083333 0.102005 0.919061 0.380687
0 0.866025 0.5 0.166667 0.166667 0.102005 0.91906 0.380687
0.25 0.866025 0.433013 0.083333 0.166667 0.102005 0.919061 0.380687
0 0.965926 0.258819 0.166667 0.083333 0.102005 0.91906 0.380688
0 0.866025 0.5 0.166667 0.166667 0.102005 0.91906 0.380687
0.12941 0.965926 0.224144 0.083333 0.083333 0.102005 0.919061 0.380687
0 0.965926 0.258819 0.166667 0.083333 -0.102005 0.919061 0.380687
-0.25 0.866025 0.433013 0.25 0.166667 -0.102005 0.919061 0.380687
0 0.866025 0.5 0.166667 0.166667 -0.102005 0.919061 0.380687
-0.12941 0.965926 0.224144 0.25 0.083333 -0.102005 0.91906 0.380688
-0.25 0.866025 0.433013 0.25 0.166667 -0.102005 0.919061 0.380687
0 0.965926 0.258819 0.166667 0.083333 -0.102005 0.919061 0.380687
-0.12941 0.965926 0.224144 0.25 0.083333 -0.278683 0.919061 0.278683
-0.433013 0.866025 0.25 0.333333 0.166667 -0.278682 0.91906 0.278683
-0.25 0.866025 0.433013 0.25 0.166667 -0.278682 0.91906 0.278683
-0.224144 0.965926 0.12941 0.333333 0.083333 -0.278683 0.919061 0.278682
-0.433013 0.866025 0.25 0.333333 0.166667 -0.278682 0.91906 0.278683
-0.12941 0.965926 0.224144 0.25 0.083333 -0.278683 0.919061 0.278683
-0.224144 0.965926 0.12941 0.333333 0.083333 -0.380687 0.919061 0.102005
-0.5 0.866025 -0 0.416667 0.166667 -0.380687 0.919061 0.102005
-0.433013 0.866025 0.25 0.333333 0.166667 -0.380687 0.919061 0.102004
-0.258819 0.965926 -0 0.416667 0.083333 -0.380687 0.91906 0.102006
-0.5 0.866025 -0 0.416667 0.166667 -0.380687 0.919061 0.102005
-0.224144 0.965926 0.12941 0.333333 0.083333 -0.380687 0.919061 0.102005
-0.258819 0.965926 -0 0.416667 0.083333 -0.380687 0.919061 -0.102005
-0.433013 0.866025 -0.25 0.5 0.166667 -0.380687 0.919061 -0.102005
-0.5 0.866025 -0 0.416667 0.166667 -0.380687 0.919061 -0.102005
-0.224144 0.965926 -0.12941 0.5 0.083333 -0.380687 0.91906 -0.102005
-0.433013 0.866025 -0.25 0.5 0.166667 -0.380687 0.919061 -0.102005
-0.258819 0.965926 -0 0.416667 0.083333 -0.380687 0.919061 -0.102005
-0.224144 0.965926 -0.12941 0.5 0.083333 -0.278683 0.919061 -0.278683
-0.25 0.866025 -0.433013 0.583333 0.166667 -0.278683 0.919061 -0.278682
-0.433013 0.866025 -0.25 0.5 0.166667 -0.278682 0.919061 -0.278682
-0.12941 0.965926 -0.224144 0.583333 0.083333 -0.278683 0.91906 -0.278683
-0.25 0.866025 -0.433013 0.583333 0.166667 -0.278683 0.919061 -0.278682
-0.224144 0.965926 -0.12941 0.5 0.083333 -0.278683 0.919061 -0.278683
-0.12941 0.965926 -0.224144 0.583333 0.083333 -0.102005 0.919061 -0.380687
0 0.866025 -0.5 0.666667 0.166667 -0.102005 0.91906 -0.380687
-0.25 0.866025 -0.433013 0.583333 0.166667 -0.102005 0.919061 -0.380687
0 0.965926 -0.258819 0.666667 0.083333 -0.102005 0.91906 -0.380688
0 0.866025 -0.5 0.666667 0.166667 -0.102005 0.91906 -0.380687
-0.12941 0.965926 -0.224144 0.583333 0.083333 -0.102005 0.919061 -0.380687
0 0.965926 -0.258819 0.666667 0.083333 0.102005 0.919061 -0.380687
0.25 0.866025 -0.433013 0.75 0.166667 0.102005 0.919061 -0.380687
0 0.866025 -0.5 0.666667 0.166667 0.102005 0.919061 -0.380687
0.12941 0.965926 -0.224144 0.75 0.083333 0.102005 0.91906 -0.380688
0.25 0.866025 -0.433013 0.75 0.166667 0.102005 0.919061 -0.380687
0 0.965926 -0.258819 0.666667 0.083333 0.102005 0.919061 -0.380687
0.12941 0.965926 -0.224144 0.75 0.083333 0.278683 0.919061 -0.278683
0.433013 0.866025 -0.25 0.833333 0.166667 0.278682 0.91906 -0.278683
0.25 0.866025 -0.433013 0.75 0.166667 0.278682 0.91906 -0.278683
0.224144 0.965926 -0.12941 0.833333 0.083333 0.278683 0.919061 -0.278682
0.433013 0.866025 -0.25 0.833333 0.166667 0.278682 0.91906 -0.278683
0.12941 0.965926 -0.224144 0.75 0.083333 0.278683 0.919061 -0.278683
0.224144 0.965926 -0.12941 0.833333 0.083333 0.380687 0.919061 -0.102005
0.5 0.866025 -0 0.916667 0.166667 0.380687 0.919061 -0.102005
0.433013 0.866025 -0.25 0.833333 0.166667 0.380687 0.919061 -0.102004
0.258819 0.965926 -0 0.916667 0.083333 0.380687 0.91906 -0.102006
0.5 0.866025 -0 0.916667 0.166667 0.380687 0.919061 -0.102005
0.224144 0.965926 -0.12941 0.833333 0.083333 0.380687 0.919061 -0.102005
0.258819 0.965926 -0 0.916667 0.083333 0.380687 0.919061 0.102005
0.433013 0.866025 0.25 1 0.166667 0.380687 0.919061 0.102005
0.5 0.866025 -0 0.916667 0.166667 0.380687 0.919061 0.102005
0.224144 0.965926 0.12941 1 0.083333 0.380687 0.91906 0.102005
0.433013 0.866025 0.25 1 0.166667 0.380687 0.919061 0.102005
0.258819 0.965926 -0 0.916667 0.083333 0.380687 0.919061 0.102005
0 -1 -0 0.041667 1 0.095493 -0.990839 0.095493
0.224144 -0.965926 0.12941 0 0.916667 0.095493 -0.990839 0.095493
0.12941 -0.965926 0.224144 0.083333 0.916667 0.095493 -0.990839 0.095493
0 -1 -0 0.125 1 0.034953 -0.990839 0.130446
0.12941 -0.965926 0.224144 0.083333 0.916667 0.034953 -0.990839 0.130446
0 -0.965926 0.258819 0.166667 0.916667 0.034953 -0.990839 0.130446
0 -1 -0 0.208333 1 -0.034953 -0.990839 0.130446
0 -0.965926 0.258819 0.166667 0.916667 -0.034953 -0.990839 0.130446
-0.12941 -0.965926 0.224144 0.25 0.916667 -0.034953 -0.990839 0.130446
0 -1 -0 0.291667 1 -0.095493 -0.990839 0.095493
-0.12941 -0.965926 0.224144 0.25 0.916667 -0.095493 -0.990839 0.095493
-0.224144 -0.965926 0.12941 0.333333 0.916667 -0.095493 -0.990839 0.095493
0 -1 -0 0.375 1 -0.130446 -0.990839 0.034953
-0.224144 -0.965926 0.12941 0.333333 0.916667 -0.130446 -0.990839 0.034953
-0.258819 -0.965926 -0 0.416667 0.916667 -0.130446 -0.990839 0.034953
0 -1 -0 0.458333 1 -0.130446 -0.990839 -0.034953
-0.258819 -0.965926 -0 0.416667 0.916667 -0.130446 -0.990839 -0.034953
-0.224144 -0.965926 -0.12941 0.5 0.916667 -0.130446 -0.990839 -0.034953
0 -1 -0 0.541667 1 -0.095493 -0.990839 -0.095493
-0.224144 -0.965926 -0.12941 0.5 0.916667 -0.095493 -0.990839 -0.095493
-0.12941 -0.965926 -0.224144 0.583333 0.916667 -0.095493 -0.990839 -0.095493
0 -1 -0 0.625 1 -0.034953 -0.990839 -0.130446
-0.12941 -0.965926 -0.224144 0.583333 0.916667 -0.034953 -0.990839 -0.130446
0 -0.965926 -0.258819 0.666667 0.916667 -0.034953 -0.990839 -0.130446
0 -1 -0 0.708333 1 0.034953 -0.990839 -0.130446
0 -0.965926 -0.258819 0.666667 0.916667 0.034953 -0.990839 -0.130446
0.12941 -0.965926 -0.224144 0.75 0.916667 0.034953 -0.990839 -0.130446
0 -1 -0 0.791667 1 0.095493 -0.990839 -0.095493
0.12941 -0.965926 -0.224144 0.75 0.916667 0.095493 -0.990839 -0.095493
0.224144 -0.965926 -0.12941 0.833333 0.916667 0.095493 -0.990839 -0.095493
0 -1 -0 0.875 1 0.130446 -0.990839 -0.034953
0.224144 -0.965926 -0.12941 0.833333 0.916667 0.130446 -0.990839 -0.034953
0.258819 -0.965926 -0 0.916667 0.916667 0.130446 -0.990839 -0.034953
0 -1 -0 0.958333 1 0.130446 -0.990839 0.034953
0.258819 -0.965926 -0 0.916667 0.916667 0.130446 -0.990839 0.034953
0.224144 -0.965926 0.12941 1 0.916667 0.130446 -0.990839 0.034953
0 1 -0 0.041667 0 0.095493 0.990839 0.095493
0.12941 0.965926 0.224144 0.083333 0.083333 0.095493 0.990839 0.095493
0.224144 0.965926 0.12941 0 0.083333 0.095493 0.990839 0.095493
0 1 -0 0.125 0 0.034953 0.990839 0.130446
0 0.965926 0.258819 0.166667 0.083333 0.034953 0.990839 0.130446
0.12941 0.965926 0.224144 0.083333 0.083333 0.034953 0.990839 0.130446
0 1 -0 0.208333 0 -0.034953 0.990839 0.130446
-0.12941 0.965926 0.224144 0.25 0.083333 -0.034953 0.990839 0.130446
0 0.965926 0.258819 0.166667 0.083333 -0.034953 0.990839 0.130446
0 1 -0 0.291667 0 -0.095493 0.990839 0.095493
-0.224144 0.965926 0.12941 0.333333 0.083333 -0.095493 0.990839 0.095493
-0.12941 0.965926 0.224144 0.25 0.083333 -0.095493 0.990839 0.095493
0 1 -0 0.375 0 -0.130446 0.990839 0.034953
-0.258819 0.965926 -0 0.416667 0.083333 -0.130446 0.990839 0.034953
-0.224144 0.965926 0.12941 0.333333 0.083333 -0.130446 0.990839 0.034953
0 1 -0 0.458333 0 -0.130446 0.990839 -0.034953
-0.224144 0.965926 -0.12941 0.5 0.083333 -0.130446 0.990839 -0.034953
-0.258819 0.965926 -0 0.416667 0.083333 -0.130446 0.990839 -0.034953
0 1 -0 0.541667 0 -0.095493 0.990839 -0.095493
-0.12941 0.965926 -0.224144 0.583333 0.083333 -0.095493 0.990839 -0.095493
-0.224144 0.965926 -0.12941 0.5 0.083333 -0.095493 0.990839 -0.095493
0 1 -0 0.625 0 -0.034953 0.990839 -0.130446
0 0.965926 -0.258819 0.666667 0.083333 -0.034953 0.990839 -0.130446
-0.12941 0.965926 -0.224144 0.583333 0.083333 -0.034953 0.990839 -0.130446
0 1 -0 0.708333 0 0.034953 0.990839 -0.130446
0.12941 0.965926 -0.224144 0.75 0.083333 0.034953 0.990839 -0.130446
0 0.965926 -0.258819 0.666667 0.083333 0.034953 0.990839 -0.130446
0 1 -0 0.791667 0 0.095493 0.990839 -0.095493
0.224144 0.965926 -0.12941 0.833333 0.083333 0.095493 0.990839 -0.095493
0.12941 0.965926 -0.224144 0.75 0.083333 0.095493 0.990839 -0.095493
0 1 -0 0.875 0 0.130446 0.990839 -0.034953
0.258819 0.965926 -0 0.916667 0.083333 0.130446 0.990839 -0.034953
0.224144 0.965926 -0.12941 0.833333 0.083333 0.130446 0.990839 -0.034953
0 1 -0 0.958333 0 0.130446 0.990839 0.034953
0.224144 0.965926 0.12941 1 0.083333 0.130446 0.990839 0.034953
0.258819 0.965926 -0 0.916667 0.083333 0.130446 0.990839 0.034953
1.00752 1.09861 0.080495 0.916667 0.25 0.756325 -0.622016 0.202657
0.612372 0.707107 0.353553 1 0.25 0.756325 -0.622016 0.202657
0.707107 0.707107 -0 0.916667 0.25 0.756325 -0.622015 0.202657
0.912783 1.09861 0.434048 1 0.25 0.756325 -0.622016 0.202657
0.612372 0.707107 0.353553 1 0.25 0.756325 -0.622016 0.202657
1.00752 1.09861 0.080495 0.916667 0.25 0.756325 -0.622016 0.202657
0.912783 1.09861 0.434048 1 0.25 -0.408604 0.127721 0.903731
0.433013 0.866025 0.25 1 0.166667 -0.408604 0.127722 0.903731
0.612372 0.707107 0.353553 1 0.25 -0.408604 0.127722 0.903731
0.733423 1.25753 0.330495 1 0.166667 -0.408604 0.127721 0.903731
0.433013 0.866025 0.25 1 0.166667 -0.408604 0.127722 0.903731
0.912783 1.09861 0.434048 1 0.25 -0.408604 0.127721 0.903731
0.733423 1.25753 0.330495 1 0.166667 -0.756325 0.622016 -0.202657
0.5 0.866025 -0 0.916667 0.166667 -0.756325 0.622015 -0.202657
0.433013 0.866025 0.25 1 0.166667 -0.756325 0.622015 -0.202657
0.80041 1.25753 0.080495 0.916667 0.166667 -0.756325 0.622016 -0.202657
0.5 0.866025 -0 0.916667 0.166667 -0.756325 0.622015 -0.202657
0.733423 1.25753 0.330495 1 0.166667 -0.756325 0.622016 -0.202657
0.80041 1.25753 0.080495 0.916667 0.166667 0.098004 0.127722 -0.986956
0.707107 0.707107 -0 0.916667 0.25 0.098004 0.127722 -0.986956
0.5 0.866025 -0 0.916667 0.166667 0.098004 0.127722 -0.986956
1.00752 1.09861 0.080495 0.916667 0.25 0.098004 0.127722 -0.986956
0.707107 0.707107 -0 0.916667 0.25 0.098004 0.127722 -0.986956
0.80041 1.25753 0.080495 0.916667 0.166667 0.098004 0.127722 -0.986956
0.080495 1.09861 -1.00752 0.666667 0.25 0.202657 -0.622016 -0.756325
0.353553 0.707107 -0.612372 0.75 0.25 0.202657 -0.622016 -0.756325
0 0.707107 -0.707107 0.666667 0.25 0.202656 -0.622016 -0.756325
0.434048 1.09861 -0.912783 0.75 0.25 0.202657 -0.622015 -0.756325
0.353553 0.707107 -0.612372 0.75 0.25 0.202657 -0.622016 -0.756325
0.080495 1.09861 -1.00752 0.666667 0.25 0.202657 -0.622016 -0.756325
0.434048 1.09861 -0.912783 0.75 0.25 0.903731 0.127721 0.408604
0.25 0.866025 -0.433013 0.75 0.166667 0.903731 0.127721 0.408604
0.353553 0.707107 -0.612372 0.75 0.25 0.903731 0.127721 0.408604
0.330495 1.25753 -0.733423 0.75 0.166667 0.903731 0.127722 0.408604
0.25 0.866025 -0.433013 0.75 0.166667 0.903731 0.127721 0.408604
0.434048 1.09861 -0.912783 0.75 0.25 0.903731 0.127721 0.408604
0.330495 1.25753 -0.733423 0.75 0.166667 -0.202657 0.622016 0.756325
0 0.866025 -0.5 0.666667 0.166667 -0.202657 0.622016 0.756325
0.25 0.866025 -0.433013 0.75 0.166667 -0.202657 0.622016 0.756325
0.080495 1.25753 -0.80041 0.666667 0.166667 -0.202657 0.622016 0.756324
0 0.866025 -0.5 0.666667 0.166667 -0.202657 0.622016 0.756325
0.330495 1.25753 -0.733423 0.75 0.166667 -0.202657 0.622016 0.756325
0.080495 1.25753 -0.80041 0.666667 0.166667 -0.986956 0.127722 -0.098004
0 0.707107 -0.707107 0.666667 0.25 -0.986956 0.127722 -0.098004
0 0.866025 -0.5 0.666667 0.166667 -0.986956 0.127722 -0.098004
0.080495 1.09861 -1.00752 0.666667 0.25 -0.986956 0.127722 -0.098004
0 0.707107 -0.707107 0.666667 0.25 -0.986956 0.127722 -0.098004
0.080495 1.25753 -0.80041 0.666667 0.166667 -0.986956 0.127722 -0.098004
-0.080495 1.09861 1.00752 0.166667 0.25 -0.202657 -0.622016 0.756325
-0.353553 0.707107 0.612372 0.25 0.25 -0.202657 -0.622016 0.756325
0 0.707107 0.707107 0.166667 0.25 -0.202656 -0.622016 0.756325
-0.434048 1.09861 0.912783 0.25 0.25 -0.202657 -0.622015 0.756325
-0.353553 0.707107 0.612372 0.25 0.25 -0.202657 -0.622016 0.756325
-0.080495 1.09861 1.00752 0.166667 0.25 -0.202657 -0.622016 0.756325
-0.434048 1.09861 0.912783 0.25 0.25 -0.903731 0.127721 -0.408604
-0.25 0.866025 0.433013 0.25 0.166667 -0.903731 0.127721 -0.408604
-0.353553 0.707107 0.612372 0.25 0.25 -0.903731 0.127721 -0.408604
-0.330495 1.25753 0.733423 0.25 0.166667 -0.903731 0.127722 -0.408604
-0.25 0.866025 0.433013 0.25 0.166667 -0.903731 0.127721 -0.408604
-0.434048 1.09861 0.912783 0.25 0.25 -0.903731 0.127721 -0.408604
-0.330495 1.25753 0.733423 0.25 0.166667 0.202657 0.622016 -0.756325
0 0.866025 0.5 0.166667 0.166667 0.202657 0.622016 -0.756325
-0.25 0.866025 0.433013 0.25 0.166667 0.202657 0.622016 -0.756325
-0.080495 1.25753 0.80041 0.166667 0.166667 0.202657 0.622016 -0.756324
0 0.866025 0.5 0.166667 0.166667 0.202657 0.622016 -0.756325
-0.330495 1.25753 0.733423 0.25 0.166667 0.202657 0.622016 -0.756325
-0.080495 1.25753 0.80041 0.166667 0.166667 0.986956 0.127722 0.098004
0 0.707107 0.707107 0.166667 0.25 0.986956 0.127722 0.098004
0 0.866025 0.5 0.166667 0.166667 0.986956 0.127722 0.098004
-0.080495 1.09861 1.00752 0.166667 0.25 0.986956 0.127722 0.098004
0 0.707107 0.707107 0.166667 0.25 0.986956 0.127722 0.098004
-0.080495 1.25753 0.80041 0.166667 0.166667 0.986956 0.127722 0.098004
-1.00752 1.09861 -0.080495 0.416667 0.25 -0.756325 -0.622016 -0.202657
-0.612372 0.707107 -0.353553 0.5 0.25 -0.756325 -0.622016 -0.202657
-0.707107 0.707107 -0 0.416667 0.25 -0.756325 -0.622015 -0.202657
-0.912783 1.09861 -0.434048 0.5 0.25 -0.756325 -0.622016 -0.202657
-0.612372 0.707107 -0.353553 0.5 0.25 -0.756325 -0.622016 -0.202657
-1.00752 1.09861 -0.080495 0.416667 0.25 -0.756325 -0.622016 -0.202657
-0.912783 1.09861 -0.434048 0.5 0.25 0.408604 0.127721 -0.903731
-0.433013 0.866025 -0.25 0.5 0.166667 0.408604 0.127722 -0.903731
-0.612372 0.707107 -0.353553 0.5 0.25 0.408604 0.127722 -0.903731
-0.733423 1.25753 -0.330495 0.5 0.166667 0.408604 0.127721 -0.903731
-0.433013 0.866025 -0.25 0.5 0.166667 0.408604 0.127722 -0.903731
-0.912783 1.09861 -0.434048 0.5 0.25 0.408604 0.127721 -0.903731
-0.733423 1.25753 -0.330495 0.5 0.166667 0.756325 0.622016 0.202657
-0.5 0.866025 -0 0.416667 0.166667 0.756325 0.622015 0.202657
-0.433013 0.866025 -0.25 0.5 0.166667 0.756325 0.622015 0.202657
-0.80041 1.25753 -0.080495 0.416667 0.166667 0.756325 0.622016 0.202657
-0.5 0.866025 -0 0.416667 0.166667 0.756325 0.622015 0.202657
-0.733423 1.25753 -0.330495 0.5 0.166667 0.756325 0.622016 0.202657
-0.80041 1.25753 -0.080495 0.416667 0.166667 -0.098004 0.127722 0.986956
-0.707107 0.707107 -0 0.416667 0.25 -0.098004 0.127722 0.986956
-0.5 0.866025 -0 0.416667 0.166667 -0.098004 0.127722 0.986956
-1.00752 1.09861 -0.080495 0.416667 0.25 -0.098004 0.127722 0.986956
-0.707107 0.707107 -0 0.416667 0.25 -0.098004 0.127722 0.986956
-0.80041 1.25753 -0.080495 0.416667 0.166667 -0.098004 0.127722 0.986956
-0.080495 -1.25753 0.800411 0.166667 0.833333 0.202657 -0.622016 -0.756325
-0.25 -0.866025 0.433013 0.25 0.833333 0.202657 -0.622016 -0.756325
0 -0.866025 0.5 0.166667 0.833333 0.202657 -0.622016 -0.756325
-0.330495 -1.25753 0.733423 0.25 0.833333 0.202657 -0.622016 -0.756325
-0.25 -0.866025 0.433013 0.25 0.833333 0.202657 -0.622016 -0.756325
-0.080495 -1.25753 0.800411 0.166667 0.833333 0.202657 -0.622016 -0.756325
-0.330495 -1.25753 0.733423 0.25 0.833333 -0.903731 -0.127722 -0.408604
-0.353553 -0.707107 0.612372 0.25 0.75 -0.903731 -0.127722 -0.408604
-0.25 -0.866025 0.433013 0.25 0.833333 -0.903731 -0.127722 -0.408604
-0.434048 -1.09861 0.912783 0.25 0.75 -0.903731 -0.127721 -0.408604
-0.353553 -0.707107 0.612372 0.25 0.75 -0.903731 -0.127722 -0.408604
-0.330495 -1.25753 0.733423 0.25 0.833333 -0.903731 -0.127722 -0.408604
-0.434048 -1.09861 0.912783 0.25 0.75 -0.202656 0.622016 0.756325
0 -0.707107 0.707107 0.166667 0.75 -0.202656 0.622016 0.756325
-0.353553 -0.707107 0.612372 0.25 0.75 -0.202657 0.622016 0.756325
-0.080495 -1.09861 1.00752 0.166667 0.75 -0.202656 0.622016 0.756324
0 -0.707107 0.707107 0.166667 0.75 -0.202656 0.622016 0.756325
-0.434048 -1.09861 0.912783 0.25 0.75 -0.202656 0.622016 0.756325
-0.080495 -1.09861 1.00752 0.166667 0.75 0.986956 -0.127722 0.098004
0 -0.866025 0.5 0.166667 0.833333 0.986956 -0.127722 0.098004
0 -0.707107 0.707107 0.166667 0.75 0.986956 -0.127722 0.098004
-0.080495 -1.25753 0.800411 0.166667 0.833333 0.986956 -0.127722 0.098004
0 -0.866025 0.5 0.166667 0.833333 0.986956 -0.127722 0.098004
-0.080495 -1.09861 1.00752 0.166667 0.75 0.986956 -0.127722 0.098004
-0.800411 -1.25753 -0.080495 0.416667 0.833333 0.756325 -0.622016 0.202657
-0.433013 -0.866025 -0.25 0.5 0.833333 0.756325 -0.622016 0.202657
-0.5 -0.866025 -0 0.416667 0.833333 0.756325 -0.622016 0.202657
-0.733423 -1.25753 -0.330495 0.5 0.833333 0.756325 -0.622016 0.202657
-0.433013 -0.866025 -0.25 0.5 0.833333 0.756325 -0.622016 0.202657
-0.800411 -1.25753 -0.080495 0.416667 0.833333 0.756325 -0.622016 0.202657
-0.733423 -1.25753 -0.330495 0.5 0.833333 0.408604 -0.127722 -0.903731
-0.612372 -0.707107 -0.353553 0.5 0.75 0.408604 -0.127722 -0.903731
-0.433013 -0.866025 -0.25 0.5 0.833333 0.408604 -0.127722 -0.903731
-0.912783 -1.09861 -0.434048 0.5 0.75 0.408604 -0.127722 -0.903731
-0.612372 -0.707107 -0.353553 0.5 0.75 0.408604 -0.127722 -0.903731
-0.733423 -1.25753 -0.330495 0.5 0.833333 0.408604 -0.127722 -0.903731
-0.912783 -1.09861 -0.434048 0.5 0.75 -0.756325 0.622016 -0.202657
-0.707107 -0.707107 -0 0.416667 0.75 -0.756325 0.622016 -0.202657
-0.612372 -0.707107 -0.353553 0.5 0.75 -0.756324 0.622016 -0.202657
-1.00752 -1.09861 -0.080495 0.416667 0.75 -0.756325 0.622015 -0.202656
-0.707107 -0.707107 -0 0.416667 0.75 -0.756325 0.622016 -0.202657
-0.912783 -1.09861 -0.434048 0.5 0.75 -0.756325 0.622016 -0.202657
-1.00752 -1.09861 -0.080495 0.416667 0.75 -0.098004 -0.127721 0.986956
-0.5 -0.866025 -0 0.416667 0.833333 -0.098004 -0.127721 0.986956
-0.707107 -0.707107 -0 0.416667 0.75 -0.098004 -0.127721 0.986956
-0.800411 -1.25753 -0.080495 0.416667 0.833333 -0.098004 -0.127721 0.986956
-0.5 -0.866025 -0 0.416667 0.833333 -0.098004 -0.127721 0.986956
-1.00752 -1.09861 -0.080495 0.416667 0.75 -0.098004 -0.127721 0.986956
0.080495 -1.25753 -0.800411 0.666667 0.833333 -0.202657 -0.622016 0.756325
0.25 -0.866025 -0.433013 0.75 0.833333 -0.202657 -0.622016 0.756325
0 -0.866025 -0.5 0.666667 0.833333 -0.202657 -0.622016 0.756325
0.330495 -1.25753 -0.733423 0.75 0.833333 -0.202657 -0.622016 0.756325
0.25 -0.866025 -0.433013 0.75 0.833333 -0.202657 -0.622016 0.756325
0.080495 -1.25753 -0.800411 0.666667 0.833333 -0.202657 -0.622016 0.756325
0.330495 -1.25753 -0.733423 0.75 0.833333 0.903731 -0.127722 0.408604
0.353553 -0.707107 -0.612372 0.75 0.75 0.903731 -0.127722 0.408604
0.25 -0.866025 -0.433013 0.75 0.833333 0.903731 -0.127722 0.408604
0.434048 -1.09861 -0.912783 0.75 0.75 0.903731 -0.127721 0.408604
0.353553 -0.707107 -0.612372 0.75 0.75 0.903731 -0.127722 0.408604
0.330495 -1.25753 -0.733423 0.75 0.833333 0.903731 -0.127722 0.408604
0.434048 -1.09861 -0.912783 0.75 0.75 0.202656 0.622016 -0.756325
0 -0.707107 -0.707107 0.666667 0.75 0.202656 0.622016 -0.756325
0.353553 -0.707107 -0.612372 0.75 0.75 0.202657 0.622016 -0.756325
0.080495 -1.09861 -1.00752 0.666667 0.75 0.202656 0.622016 -0.756324
0 -0.707107 -0.707107 0.666667 0.75 0.202656 0.622016 -0.756325
0.434048 -1.09861 -0.912783 0.75 0.75 0.202656 0.622016 -0.756325
0.080495 -1.09861 -1.00752 0.666667 0.75 -0.986956 -0.127722 -0.098004
0 -0.866025 -0.5 0.666667 0.833333 -0.986956 -0.127722 -0.098004
0 -0.707107 -0.707107 0.666667 0.75 -0.986956 -0.127722 -0.098004
0.080495 -1.25753 -0.800411 0.666667 0.833333 -0.986956 -0.127722 -0.098004
0 -0.866025 -0.5 0.666667 0.833333 -0.986956 -0.127722 -0.098004
0.080495 -1.09861 -1.00752 0.666667 0.75 -0.986956 -0.127722 -0.098004
0.800411 -1.25753 0.080495 0.916667 0.833333 -0.756325 -0.622016 -0.202657
0.433013 -0.866025 0.25 1 0.833333 -0.756325 -0.622016 -0.202657
0.5 -0.866025 -0 0.916667 0.833333 -0.756325 -0.622016 -0.202657
0.733423 -1.25753 0.330495 1 0.833333 -0.756325 -0.622016 -0.202657
0.433013 -0.866025 0.25 1 0.833333 -0.756325 -0.622016 -0.202657
0.800411 -1.25753 0.080495 0.916667 0.833333 -0.756325 -0.622016 -0.202657
0.733423 -1.25753 0.330495 1 0.833333 -0.408604 -0.127722 0.903731
0.612372 -0.707107 0.353553 1 0.75 -0.408604 -0.127722 0.903731
0.433013 -0.866025 0.25 1 0.833333 -0.408604 -0.127722 0.903731
0.912783 -1.09861 0.434048 1 0.75 -0.408604 -0.127722 0.903731
0.612372 -0.707107 0.353553 1 0.75 -0.408604 -0.127722 0.903731
0.733423 -1.25753 0.330495 1 0.833333 -0.408604 -0.127722 0.903731
0.912783 -1.09861 0.434048 1 0.75 0.756325 0.622016 0.202657
0.707107 -0.707107 -0 0.916667 0.75 0.756325 0.622016 0.202657
0.612372 -0.707107 0.353553 1 0.75 0.756324 0.622016 0.202657
1.00752 -1.09861 0.080495 0.916667 0.75 0.756325 0.622015 0.202656
0.707107 -0.707107 -0 0.916667 0.75 0.756325 0.622016 0.202657
0.912783 -1.09861 0.434048 1 0.75 0.756325 0.622016 0.202657
1.00752 -1.09861 0.080495 0.916667 0.75 0.098004 -0.127721 -0.986956
0.5 -0.866025 -0 0.916667 0.833333 0.098004 -0.127721 -0.986956
0.707107 -0.707107 -0 0.916667 0.75 0.098004 -0.127721 -0.986956
0.800411 -1.25753 0.080495 0.916667 0.833333 0.098004 -0.127721 -0.986956
0.5 -0.866025 -0 0.916667 0.833333 0.098004 -0.127721 -0.986956
1.00752 -1.09861 0.080495 0.916667 0.75 0.098004 -0.127721 -0.986956
