Vertex Count: 1440

Data:

0.273873 0.146946 0.474362 0.083333 0.1 -0.67466 0.299447 -0.67466
0.433013 0 0.25 0 0 -0.67466 0.299447 -0.67466
0.25 0 0.433013 0.083333 0 -0.67466 0.299447 -0.67466
0.474362 0.146946 0.273873 0 0.1 -0.67466 0.299447 -0.67466
0.433013 0 0.25 0 0 -0.67466 0.299447 -0.67466
0.273873 0.146946 0.474362 0.083333 0.1 -0.67466 0.299447 -0.67466
0 0.146946 0.547746 0.166667 0.1 -0.246942 0.299447 -0.921602
0.25 0 0.433013 0.083333 0 -0.246943 0.299447 -0.921602
0 0 0.5 0.166667 0 -0.246942 0.299447 -0.921602
0.273873 0.146946 0.474362 0.083333 0.1 -0.246943 0.299447 -0.921602
0.25 0 0.433013 0.083333 0 -0.246943 0.299447 -0.921602
0 0.146946 0.547746 0.166667 0.1 -0.246942 0.299447 -0.921602
-0.273873 0.146946 0.474362 0.25 0.1 0.246943 0.299447 -0.921602
0 0 0.5 0.166667 0 0.246942 0.299447 -0.921602
-0.25 0 0.433013 0.25 0 0.246943 0.299447 -0.921602
0 0.146946 0.547746 0.166667 0.1 0.246942 0.299447 -0.921603
0 0 0.5 0.166667 0 0.246942 0.299447 -0.921602
-0.273873 0.146946 0.474362 0.25 0.1 0.246943 0.299447 -0.921602
-0.474362 0.146946 0.273873 0.333333 0.1 0.67466 0.299447 -0.67466
-0.25 0 0.433013 0.25 0 0.67466 0.299447 -0.67466
-0.433013 0 0.25 0.333333 0 0.67466 0.299447 -0.67466
-0.273873 0.146946 0.474362 0.25 0.1 0.67466 0.299447 -0.67466
-0.25 0 0.433013 0.25 0 0.67466 0.299447 -0.67466
-0.474362 0.146946 0.273873 0.333333 0.1 0.67466 0.299447 -0.67466
-0.547746 0.146946 -0 0.416667 0.1 0.921602 0.299447 -0.246943
-0.433013 0 0.25 0.333333 0 0.921602 0.299447 -0.246943
-0.5 0 -0 0.416667 0 0.921603 0.299446 -0.246943
-0.474362 0.146946 0.273873 0.333333 0.1 0.921602 0.299447 -0.246943
-0.433013 0 0.25 0.333333 0 0.921602 0.299447 -0.246943
-0.547746 0.146946 -0 0.416667 0.1 0.921602 0.299447 -0.246943
-0.474362 0.146946 -0.273873 0.5 0.1 0.921602 0.299447 0.246943
-0.5 0 -0 0.416667 0 0.921602 0.299447 0.246943
-0.433013 0 -0.25 0.5 0 0.921602 0.299447 0.246943
-0.547746 0.146946 -0 0.416667 0.1 0.921603 0.299446 0.246943
-0.5 0 -0 0.416667 0 0.921602 0.299447 0.246943
-0.474362 0.146946 -0.273873 0.5 0.1 0.921602 0.299447 0.246943
-0.273873 0.146946 -0.474362 0.583333 0.1 0.67466 0.299447 0.67466
-0.433013 0 -0.25 0.5 0 0.67466 0.299447 0.67466
-0.25 0 -0.433013 0.583333 0 0.67466 0.299447 0.67466
-0.474362 0.146946 -0.273873 0.5 0.1 0.67466 0.299447 0.67466
-0.433013 0 -0.25 0.5 0 0.67466 0.299447 0.67466
-0.273873 0.146946 -0.474362 0.583333 0.1 0.67466 0.299447 0.67466
0 0.146946 -0.547746 0.666667 0.1 0.246942 0.299447 0.921602
-0.25 0 -0.433013 0.583333 0 0.246943 0.299447 0.921602
0 0 -0.5 0.666667 0 0.246942 0.299447 0.921602
-0.273873 0.146946 -0.474362 0.583333 0.1 0.246943 0.299447 0.921602
-0.25 0 -0.433013 0.583333 0 0.246943 0.299447 0.921602
0 0.146946 -0.547746 0.666667 0.1 0.246942 0.299447 0.921602
0.273873 0.146946 -0.474362 0.75 0.1 -0.246943 0.299447 0.921602
0 0 -0.5 0.666667 0 -0.246942 0.299447 0.921602
0.25 0 -0.433013 0.75 0 -0.246943 0.299447 0.921602
0 0.146946 -0.547746 0.666667 0.1 -0.246942 0.299447 0.921603
0 0 -0.5 0.666667 0 -0.246942 0.299447 0.921602
0.273873 0.146946 -0.474362 0.75 0.1 -0.246943 0.299447 0.921602
0.474362 0.146946 -0.273873 0.833333 0.1 -0.67466 0.299447 0.67466
0.25 0 -0.433013 0.75 0 -0.67466 0.299447 0.67466
0.433013 0 -0.25 0.833333 0 -0.67466 0.299447 0.67466
0.273873 0.146946 -0.474362 0.75 0.1 -0.67466 0.299447 0.67466
0.25 0 -0.433013 0.75 0 -0.67466 0.299447 0.67466
0.474362 0.146946 -0.273873 0.833333 0.1 -0.67466 0.299447 0.67466
0.547746 0.146946 -0 0.916667 0.1 -0.921602 0.299447 0.246943
0.433013 0 -0.25 0.833333 0 -0.921602 0.299447 0.246943
0.5 0 -0 0.916667 0 -0.921603 0.299446 0.246943
0.474362 0.146946 -0.273873 0.833333 0.1 -0.921602 0.299447 0.246943
0.433013 0 -0.25 0.833333 0 -0.921602 0.299447 0.246943
0.547746 0.146946 -0 0.916667 0.1 -0.921602 0.299447 0.246943
0.474362 0.146946 0.273873 1 0.1 -0.921602 0.299447 -0.246943
0.5 0 -0 0.916667 0 -0.921602 0.299447 -0.246943
0.433013 0 0.25 1 0 -0.921602 0.299447 -0.246943
0.547746 0.146946 -0 0.916667 0.1 -0.921603 0.299446 -0.246943
0.5 0 -0 0.916667 0 -0.921602 0.299447 -0.246943
0.474362 0.146946 0.273873 1 0.1 -0.921602 0.299447 -0.246943
0.336373 0.237764 0.582615 0.083333 0.2 -0.425049 0.799166 -0.425049
0.474362 0.146946 0.273873 0 0.1 -0.425049 0.799166 -0.425049
0.273873 0.146946 0.474362 0.083333 0.1 -0.425049 0.799166 -0.425049
0.582615 0.237764 0.336373 0 0.2 -0.425049 0.799166 -0.425049
0.474362 0.146946 0.273873 0 0.1 -0.425049 0.799166 -0.425049
0.336373 0.237764 0.582615 0.083333 0.2 -0.425049 0.799166 -0.425049
0 0.237764 0.672746 0.166667 0.2 -0.155579 0.799166 -0.580628
0.273873 0.146946 0.474362 0.083333 0.1 -0.155579 0.799166 -0.580628
0 0.146946 0.547746 0.166667 0.1 -0.155579 0.799166 -0.580628
0.336373 0.237764 0.582615 0.083333 0.2 -0.155579 0.799166 -0.580628
0.273873 0.146946 0.474362 0.083333 0.1 -0.155579 0.799166 -0.580628
0 0.237764 0.672746 0.166667 0.2 -0.155579 0.799166 -0.580628
-0.336373 0.237764 0.582615 0.25 0.2 0.155579 0.799166 -0.580628
0 0.146946 0.547746 0.166667 0.1 0.155579 0.799166 -0.580628
-0.273873 0.146946 0.474362 0.25 0.1 0.155579 0.799166 -0.580628
0 0.237764 0.672746 0.166667 0.2 0.155579 0.799166 -0.580628
0 0.146946 0.547746 0.166667 0.1 0.155579 0.799166 -0.580628
-0.336373 0.237764 0.582615 0.25 0.2 0.155579 0.799166 -0.580628
-0.582615 0.237764 0.336373 0.333333 0.2 0.425049 0.799166 -0.425049
-0.273873 0.146946 0.474362 0.25 0.1 0.425049 0.799166 -0.425049
-0.474362 0.146946 0.273873 0.333333 0.1 0.425049 0.799166 -0.425049
-0.336373 0.237764 0.582615 0.25 0.2 0.425049 0.799166 -0.425049
-0.273873 0.146946 0.474362 0.25 0.1 0.425049 0.799166 -0.425049
-0.582615 0.237764 0.336373 0.333333 0.2 0.425049 0.799166 -0.425049
-0.672746 0.237764 -0 0.416667 0.2 0.580628 0.799166 -0.155579
-0.474362 0.146946 0.273873 0.333333 0.1 0.580628 0.799166 -0.155579
-0.547746 0.146946 -0 0.416667 0.1 0.580628 0.799166 -0.155579
-0.582615 0.237764 0.336373 0.333333 0.2 0.580628 0.799166 -0.155579
-0.474362 0.146946 0.273873 0.333333 0.1 0.580628 0.799166 -0.155579
-0.672746 0.237764 -0 0.416667 0.2 0.580628 0.799166 -0.155579
-0.582615 0.237764 -0.336373 0.5 0.2 0.580628 0.799166 0.155579
-0.547746 0.146946 -0 0.416667 0.1 0.580628 0.799166 0.155579
-0.474362 0.146946 -0.273873 0.5 0.1 0.580629 0.799166 0.155579
-0.672746 0.237764 -0 0.416667 0.2 0.580628 0.799166 0.155579
-0.547746 0.146946 -0 0.416667 0.1 0.580628 0.799166 0.155579
-0.582615 0.237764 -0.336373 0.5 0.2 0.580628 0.799166 0.155579
-0.336373 0.237764 -0.582615 0.583333 0.2 0.425049 0.799166 0.425049
-0.474362 0.146946 -0.273873 0.5 0.1 0.425049 0.799166 0.425049
-0.273873 0.146946 -0.474362 0.583333 0.1 0.425049 0.799166 0.425049
-0.582615 0.237764 -0.336373 0.5 0.2 0.425049 0.799166 0.425049
-0.474362 0.146946 -0.273873 0.5 0.1 0.425049 0.799166 0.425049
-0.336373 0.237764 -0.582615 0.583333 0.2 0.425049 0.799166 0.425049
0 0.237764 -0.672746 0.666667 0.2 0.155579 0.799166 0.580628
-0.273873 0.146946 -0.474362 0.583333 0.1 0.155579 0.799166 0.580628
0 0.146946 -0.547746 0.666667 0.1 0.155579 0.799166 0.580628
-0.336373 0.237764 -0.582615 0.583333 0.2 0.155579 0.799166 0.580628
-0.273873 0.146946 -0.474362 0.583333 0.1 0.155579 0.799166 0.580628
0 0.237764 -0.672746 0.666667 0.2 0.155579 0.799166 0.580628
0.336373 0.237764 -0.582615 0.75 0.2 -0.155579 0.799166 0.580628
0 0.146946 -0.547746 0.666667 0.1 -0.155579 0.799166 0.580628
0.273873 0.146946 -0.474362 0.75 0.1 -0.155579 0.799166 0.580628
0 0.237764 -0.672746 0.666667 0.2 -0.155579 0.799166 0.580628
0 0.146946 -0.547746 0.666667 0.1 -0.155579 0.799166 0.580628
0.336373 0.237764 -0.582615 0.75 0.2 -0.155579 0.799166 0.580628
0.582615 0.237764 -0.336373 0.833333 0.2 -0.425049 0.799166 0.425049
0.273873 0.146946 -0.474362 0.75 0.1 -0.425049 0.799166 0.425049
0.474362 0.146946 -0.273873 0.833333 0.1 -0.425049 0.799166 0.425049
0.336373 0.237764 -0.582615 0.75 0.2 -0.425049 0.799166 0.425049
0.273873 0.146946 -0.474362 0.75 0.1 -0.425049 0.799166 0.425049
0.582615 0.237764 -0.336373 0.833333 0.2 -0.425049 0.799166 0.425049
0.672746 0.237764 -0 0.916667 0.2 -0.580628 0.799166 0.155579
0.474362 0.146946 -0.273873 0.833333 0.1 -0.580628 0.799166 0.155579
0.547746 0.146946 -0 0.916667 0.1 -0.580628 0.799166 0.155579
0.582615 0.237764 -0.336373 0.833333 0.2 -0.580628 0.799166 0.155579
0.474362 0.146946 -0.273873 0.833333 0.1 -0.580628 0.799166 0.155579
0.672746 0.237764 -0 0.916667 0.2 -0.580628 0.799166 0.155579
0.582615 0.237764 0.336373 1 0.2 -0.580628 0.799166 -0.155579
0.547746 0.146946 -0 0.916667 0.1 -0.580628 0.799166 -0.155579
0.474362 0.146946 0.273873 1 0.1 -0.580629 0.799166 -0.155579
0.672746 0.237764 -0 0.916667 0.2 -0.580628 0.799166 -0.155579
0.547746 0.146946 -0 0.916667 0.1 -0.580628 0.799166 -0.155579
0.582615 0.237764 0.336373 1 0.2 -0.580628 0.799166 -0.155579
0.413627 0.237764 0.716423 0.083333 0.3 -0 1 -0
0.582615 0.237764 0.336373 0 0.2 -0 1 -0
0.336373 0.237764 0.582615 0.083333 0.2 -0 1 -0
0.716423 0.237764 0.413627 0 0.3 -0 1 -0
0.582615 0.237764 0.336373 0 0.2 -0 1 -0
0.413627 0.237764 0.716423 0.083333 0.3 -0 1 -0
0 0.237764 0.827254 0.166667 0.3 -0 1 -0
0.336373 0.237764 0.582615 0.083333 0.2 -0 1 0
0 0.237764 0.672746 0.166667 0.2 -0 1 -0
0.413627 0.237764 0.716423 0.083333 0.3 -0 1 0
0.336373 0.237764 0.582615 0.083333 0.2 -0 1 0
0 0.237764 0.827254 0.166667 0.3 -0 1 -0
-0.413627 0.237764 0.716423 0.25 0.3 0 1 -0
0 0.237764 0.672746 0.166667 0.2 0 1 -0
-0.336373 0.237764 0.582615 0.25 0.2 0 1 -0
0 0.237764 0.827254 0.166667 0.3 0 1 -0
0 0.237764 0.672746 0.166667 0.2 0 1 -0
-0.413627 0.237764 0.716423 0.25 0.3 0 1 -0
-0.716423 0.237764 0.413627 0.333333 0.3 0 1 -0
-0.336373 0.237764 0.582615 0.25 0.2 0 1 -0
-0.582615 0.237764 0.336373 0.333333 0.2 0 1 -0
-0.413627 0.237764 0.716423 0.25 0.3 0 1 -0
-0.336373 0.237764 0.582615 0.25 0.2 0 1 -0
-0.716423 0.237764 0.413627 0.333333 0.3 0 1 -0
-0.827254 0.237764 -0 0.416667 0.3 0 1 -0
-0.582615 0.237764 0.336373 0.333333 0.2 0 1 -0
-0.672746 0.237764 -0 0.416667 0.2 0 1 -0
-0.716423 0.237764 0.413627 0.333333 0.3 0 1 -0
-0.582615 0.237764 0.336373 0.333333 0.2 0 1 -0
-0.827254 0.237764 -0 0.416667 0.3 0 1 -0
-0.716423 0.237764 -0.413627 0.5 0.3 0 1 0
-0.672746 0.237764 -0 0.416667 0.2 0 1 0
-0.582615 0.237764 -0.336373 0.5 0.2 0 1 -0
-0.827254 0.237764 -0 0.416667 0.3 0 1 0
-0.672746 0.237764 -0 0.416667 0.2 0 1 0
-0.716423 0.237764 -0.413627 0.5 0.3 0 1 0
-0.413627 0.237764 -0.716423 0.583333 0.3 0 1 0
-0.582615 0.237764 -0.336373 0.5 0.2 0 1 0
-0.336373 0.237764 -0.582615 0.583333 0.2 0 1 0
-0.716423 0.237764 -0.413627 0.5 0.3 0 1 -0
-0.582615 0.237764 -0.336373 0.5 0.2 0 1 0
-0.413627 0.237764 -0.716423 0.583333 0.3 0 1 0
0 0.237764 -0.827254 0.666667 0.3 0 1 0
-0.336373 0.237764 -0.582615 0.583333 0.2 0 1 -0
0 0.237764 -0.672746 0.666667 0.2 0 1 0
-0.413627 0.237764 -0.716423 0.583333 0.3 0 1 -0
-0.336373 0.237764 -0.582615 0.583333 0.2 0 1 -0
0 0.237764 -0.827254 0.666667 0.3 0 1 0
0.413627 0.237764 -0.716423 0.75 0.3 -0 1 0
0 0.237764 -0.672746 0.666667 0.2 -0 1 0
0.336373 0.237764 -0.582615 0.75 0.2 -0 1 0
0 0.237764 -0.827254 0.666667 0.3 -0 1 -0
0 0.237764 -0.672746 0.666667 0.2 -0 1 0
0.413627 0.237764 -0.716423 0.75 0.3 -0 1 0
0.716423 0.237764 -0.413627 0.833333 0.3 -0 1 0
0.336373 0.237764 -0.582615 0.75 0.2 -0 1 0
0.582615 0.237764 -0.336373 0.833333 0.2 -0 1 0
0.413627 0.237764 -0.716423 0.75 0.3 -0 1 -0
0.336373 0.237764 -0.582615 0.75 0.2 -0 1 0
0.716423 0.237764 -0.413627 0.833333 0.3 -0 1 0
0.827254 0.237764 -0 0.916667 0.3 -0 1 0
0.582615 0.237764 -0.336373 0.833333 0.2 -0 1 0
0.672746 0.237764 -0 0.916667 0.2 -0 1 0
0.716423 0.237764 -0.413627 0.833333 0.3 -0 1 0
0.582615 0.237764 -0.336373 0.833333 0.2 -0 1 0
0.827254 0.237764 -0 0.916667 0.3 -0 1 0
0.716423 0.237764 0.413627 1 0.3 -0 1 -0
0.672746 0.237764 -0 0.916667 0.2 -0 1 -0
0.582615 0.237764 0.336373 1 0.2 -0 1 -0
0.827254 0.237764 -0 0.916667 0.3 -0 1 -0
0.672746 0.237764 -0 0.916667 0.2 -0 1 -0
0.716423 0.237764 0.413627 1 0.3 -0 1 -0
0.476127 0.146946 0.824676 0.083333 0.4 0.425049 0.799166 0.425049
0.716423 0.237764 0.413627 0 0.3 0.425049 0.799166 0.425049
0.413627 0.237764 0.716423 0.083333 0.3 0.425049 0.799166 0.425049
0.824676 0.146946 0.476127 0 0.4 0.425049 0.799166 0.425049
0.716423 0.237764 0.413627 0 0.3 0.425049 0.799166 0.425049
0.476127 0.146946 0.824676 0.083333 0.4 0.425049 0.799166 0.425049
0 0.146946 0.952254 0.166667 0.4 0.155579 0.799166 0.580628
0.413627 0.237764 0.716423 0.083333 0.3 0.155579 0.799166 0.580628
0 0.237764 0.827254 0.166667 0.3 0.155579 0.799166 0.580628
0.476127 0.146946 0.824676 0.083333 0.4 0.155579 0.799166 0.580628
0.413627 0.237764 0.716423 0.083333 0.3 0.155579 0.799166 0.580628
0 0.146946 0.952254 0.166667 0.4 0.155579 0.799166 0.580628
-0.476127 0.146946 0.824676 0.25 0.4 -0.155579 0.799166 0.580628
0 0.237764 0.827254 0.166667 0.3 -0.155579 0.799166 0.580628
-0.413627 0.237764 0.716423 0.25 0.3 -0.155579 0.799166 0.580628
0 0.146946 0.952254 0.166667 0.4 -0.155579 0.799166 0.580628
0 0.237764 0.827254 0.166667 0.3 -0.155579 0.799166 0.580628
-0.476127 0.146946 0.824676 0.25 0.4 -0.155579 0.799166 0.580628
-0.824676 0.146946 0.476127 0.333333 0.4 -0.425049 0.799166 0.425049
-0.413627 0.237764 0.716423 0.25 0.3 -0.425049 0.799166 0.425049
-0.716423 0.237764 0.413627 0.333333 0.3 -0.425049 0.799166 0.425049
-0.476127 0.146946 0.824676 0.25 0.4 -0.425049 0.799166 0.425049
-0.413627 0.237764 0.716423 0.25 0.3 -0.425049 0.799166 0.425049
-0.824676 0.146946 0.476127 0.333333 0.4 -0.425049 0.799166 0.425049
-0.952254 0.146946 -0 0.416667 0.4 -0.580628 0.799166 0.155579
-0.716423 0.237764 0.413627 0.333333 0.3 -0.580628 0.799166 0.155579
-0.827254 0.237764 -0 0.416667 0.3 -0.580628 0.799166 0.155579
-0.824676 0.146946 0.476127 0.333333 0.4 -0.580628 0.799166 0.155579
-0.716423 0.237764 0.413627 0.333333 0.3 -0.580628 0.799166 0.155579
-0.952254 0.146946 -0 0.416667 0.4 -0.580628 0.799166 0.155579
-0.824676 0.146946 -0.476127 0.5 0.4 -0.580628 0.799166 -0.155579
-0.827254 0.237764 -0 0.416667 0.3 -0.580628 0.799166 -0.155579
-0.716423 0.237764 -0.413627 0.5 0.3 -0.580628 0.799166 -0.155579
-0.952254 0.146946 -0 0.416667 0.4 -0.580628 0.799166 -0.155579
-0.827254 0.237764 -0 0.416667 0.3 -0.580628 0.799166 -0.155579
-0.824676 0.146946 -0.476127 0.5 0.4 -0.580628 0.799166 -0.155579
-0.476127 0.146946 -0.824676 0.583333 0.4 -0.425049 0.799166 -0.425049
-0.716423 0.237764 -0.413627 0.5 0.3 -0.425049 0.799166 -0.425049
-0.413627 0.237764 -0.716423 0.583333 0.3 -0.425049 0.799166 -0.425049
-0.824676 0.146946 -0.476127 0.5 0.4 -0.425049 0.799166 -0.425049
-0.716423 0.237764 -0.413627 0.5 0.3 -0.425049 0.799166 -0.425049
-0.476127 0.146946 -0.824676 0.583333 0.4 -0.425049 0.799166 -0.425049
0 0.146946 -0.952254 0.666667 0.4 -0.155579 0.799166 -0.580628
-0.413627 0.237764 -0.716423 0.583333 0.3 -0.155579 0.799166 -0.580628
0 0.237764 -0.827254 0.666667 0.3 -0.155579 0.799166 -0.580628
-0.476127 0.146946 -0.824676 0.583333 0.4 -0.155579 0.799166 -0.580628
-0.413627 0.237764 -0.716423 0.583333 0.3 -0.155579 0.799166 -0.580628
0 0.146946 -0.952254 0.666667 0.4 -0.155579 0.799166 -0.580628
0.476127 0.146946 -0.824676 0.75 0.4 0.155579 0.799166 -0.580628
0 0.237764 -0.827254 0.666667 0.3 0.155579 0.799166 -0.580628
0.413627 0.237764 -0.716423 0.75 0.3 0.155579 0.799166 -0.580628
0 0.146946 -0.952254 0.666667 0.4 0.155579 0.799166 -0.580628
0 0.237764 -0.827254 0.666667 0.3 0.155579 0.799166 -0.580628
0.476127 0.146946 -0.824676 0.75 0.4 0.155579 0.799166 -0.580628
0.824676 0.146946 -0.476127 0.833333 0.4 0.425049 0.799166 -0.425049
0.413627 0.237764 -0.716423 0.75 0.3 0.425049 0.799166 -0.425049
0.716423 0.237764 -0.413627 0.833333 0.3 0.425049 0.799166 -0.425049
0.476127 0.146946 -0.824676 0.75 0.4 0.425049 0.799166 -0.425049
0.413627 0.237764 -0.716423 0.75 0.3 0.425049 0.799166 -0.425049
0.824676 0.146946 -0.476127 0.833333 0.4 0.425049 0.799166 -0.425049
0.952254 0.146946 -0 0.916667 0.4 0.580628 0.799166 -0.155579
0.716423 0.237764 -0.413627 0.833333 0.3 0.580628 0.799166 -0.155579
0.827254 0.237764 -0 0.916667 0.3 0.580628 0.799166 -0.155579
0.824676 0.146946 -0.476127 0.833333 0.4 0.580628 0.799166 -0.155579
0.716423 0.237764 -0.413627 0.833333 0.3 0.580628 0.799166 -0.155579
0.952254 0.146946 -0 0.916667 0.4 0.580628 0.799166 -0.155579
0.824676 0.146946 0.476127 1 0.4 0.580628 0.799166 0.155579
0.827254 0.237764 -0 0.916667 0.3 0.580628 0.799166 0.155579
0.716423 0.237764 0.413627 1 0.3 0.580628 0.799166 0.155579
0.952254 0.146946 -0 0.916667 0.4 0.580628 0.799166 0.155579
0.827254 0.237764 -0 0.916667 0.3 0.580628 0.799166 0.155579
0.824676 0.146946 0.476127 1 0.4 0.580628 0.799166 0.155579
0.5 0 0.866025 0.083333 0.5 0.67466 0.299446 0.67466
0.824676 0.146946 0.476127 0 0.4 0.67466 0.299447 0.67466
0.476127 0.146946 0.824676 0.083333 0.4 0.67466 0.299446 0.67466
0.866025 0 0.5 0 0.5 0.67466 0.299447 0.67466
0.824676 0.146946 0.476127 0 0.4 0.67466 0.299447 0.67466
0.5 0 0.866025 0.083333 0.5 0.67466 0.299446 0.67466
0 0 1 0.166667 0.5 0.246943 0.299447 0.921603
0.476127 0.146946 0.824676 0.083333 0.4 0.246943 0.299446 0.921602
0 0.146946 0.952254 0.166667 0.4 0.246943 0.299446 0.921603
0.5 0 0.866025 0.083333 0.5 0.246943 0.299446 0.921602
0.476127 0.146946 0.824676 0.083333 0.4 0.246943 0.299446 0.921602
0 0 1 0.166667 0.5 0.246943 0.299447 0.921603
-0.5 0 0.866025 0.25 0.5 -0.246943 0.299446 0.921602
0 0.146946 0.952254 0.166667 0.4 -0.246943 0.299446 0.921603
-0.476127 0.146946 0.824676 0.25 0.4 -0.246943 0.299446 0.921602
0 0 1 0.166667 0.5 -0.246942 0.299446 0.921603
0 0.146946 0.952254 0.166667 0.4 -0.246943 0.299446 0.921603
-0.5 0 0.866025 0.25 0.5 -0.246943 0.299446 0.921602
-0.866025 0 0.5 0.333333 0.5 -0.67466 0.299447 0.67466
-0.476127 0.146946 0.824676 0.25 0.4 -0.67466 0.299447 0.67466
-0.824676 0.146946 0.476127 0.333333 0.4 -0.67466 0.299447 0.67466
-0.5 0 0.866025 0.25 0.5 -0.67466 0.299447 0.67466
-0.476127 0.146946 0.824676 0.25 0.4 -0.67466 0.299447 0.67466
-0.866025 0 0.5 0.333333 0.5 -0.67466 0.299447 0.67466
-1 0 -0 0.416667 0.5 -0.921603 0.299447 0.246943
-0.824676 0.146946 0.476127 0.333333 0.4 -0.921603 0.299446 0.246943
-0.952254 0.146946 -0 0.416667 0.4 -0.921602 0.299447 0.246943
-0.866025 0 0.5 0.333333 0.5 -0.921603 0.299447 0.246943
-0.824676 0.146946 0.476127 0.333333 0.4 -0.921603 0.299446 0.246943
-1 0 -0 0.416667 0.5 -0.921603 0.299447 0.246943
-0.866025 0 -0.5 0.5 0.5 -0.921602 0.299447 -0.246943
-0.952254 0.146946 -0 0.416667 0.4 -0.921602 0.299447 -0.246943
-0.824676 0.146946 -0.476127 0.5 0.4 -0.921602 0.299447 -0.246943
-1 0 -0 0.416667 0.5 -0.921602 0.299446 -0.246943
-0.952254 0.146946 -0 0.416667 0.4 -0.921602 0.299447 -0.246943
-0.866025 0 -0.5 0.5 0.5 -0.921602 0.299447 -0.246943
-0.5 0 -0.866025 0.583333 0.5 -0.67466 0.299446 -0.67466
-0.824676 0.146946 -0.476127 0.5 0.4 -0.67466 0.299447 -0.67466
-0.476127 0.146946 -0.824676 0.583333 0.4 -0.67466 0.299446 -0.67466
-0.866025 0 -0.5 0.5 0.5 -0.67466 0.299447 -0.67466
-0.824676 0.146946 -0.476127 0.5 0.4 -0.67466 0.299447 -0.67466
-0.5 0 -0.866025 0.583333 0.5 -0.67466 0.299446 -0.67466
0 0 -1 0.666667 0.5 -0.246943 0.299447 -0.921603
-0.476127 0.146946 -0.824676 0.583333 0.4 -0.246943 0.299446 -0.921602
0 0.146946 -0.952254 0.666667 0.4 -0.246943 0.299446 -0.921603
-0.5 0 -0.866025 0.583333 0.5 -0.246943 0.299446 -0.921602
-0.476127 0.146946 -0.824676 0.583333 0.4 -0.246943 0.299446 -0.921602
0 0 -1 0.666667 0.5 -0.246943 0.299447 -0.921603
0.5 0 -0.866025 0.75 0.5 0.246943 0.299446 -0.921602
0 0.146946 -0.952254 0.666667 0.4 0.246943 0.299446 -0.921603
0.476127 0.146946 -0.824676 0.75 0.4 0.246943 0.299446 -0.921602
0 0 -1 0.666667 0.5 0.246942 0.299446 -0.921603
0 0.146946 -0.952254 0.666667 0.4 0.246943 0.299446 -0.921603
0.5 0 -0.866025 0.75 0.5 0.246943 0.299446 -0.921602
0.866025 0 -0.5 0.833333 0.5 0.67466 0.299447 -0.67466
0.476127 0.146946 -0.824676 0.75 0.4 0.67466 0.299447 -0.67466
0.824676 0.146946 -0.476127 0.833333 0.4 0.67466 0.299447 -0.67466
0.5 0 -0.866025 0.75 0.5 0.67466 0.299447 -0.67466
0.476127 0.146946 -0.824676 0.75 0.4 0.67466 0.299447 -0.67466
0.866025 0 -0.5 0.833333 0.5 0.67466 0.299447 -0.67466
1 0 -0 0.916667 0.5 0.921603 0.299447 -0.246943
0.824676 0.146946 -0.476127 0.833333 0.4 0.921603 0.299446 -0.246943
0.952254 0.146946 -0 0.916667 0.4 0.921602 0.299447 -0.246943
0.866025 0 -0.5 0.833333 0.5 0.921603 0.299447 -0.246943
0.824676 0.146946 -0.476127 0.833333 0.4 0.921603 0.299446 -0.246943
1 0 -0 0.916667 0.5 0.921603 0.299447 -0.246943
0.866025 0 0.5 1 0.5 0.921602 0.299447 0.246943
0.952254 0.146946 -0 0.916667 0.4 0.921602 0.299447 0.246943
0.824676 0.146946 0.476127 1 0.4 0.921602 0.299447 0.246943
1 0 -0 0.916667 0.5 0.921602 0.299446 0.246943
0.952254 0.146946 -0 0.916667 0.4 0.921602 0.299447 0.246943
0.866025 0 0.5 1 0.5 0.921602 0.299447 0.246943
0.476127 -0.146946 0.824676 0.083333 0.6 0.67466 -0.299447 0.67466
0.866025 0 0.5 0 0.5 0.67466 -0.299447 0.67466
0.5 0 0.866025 0.083333 0.5 0.67466 -0.299447 0.67466
0.824676 -0.146946 0.476127 0 0.6 0.67466 -0.299447 0.67466
0.866025 0 0.5 0 0.5 0.67466 -0.299447 0.67466
0.476127 -0.146946 0.824676 0.083333 0.6 0.67466 -0.299447 0.67466
0 -0.146946 0.952254 0.166667 0.6 0.246943 -0.299446 0.921603
0.5 0 0.866025 0.083333 0.5 0.246943 -0.299446 0.921603
0 0 1 0.166667 0.5 0.246942 -0.299446 0.921603
0.476127 -0.146946 0.824676 0.083333 0.6 0.246943 -0.299446 0.921602
0.5 0 0.866025 0.083333 0.5 0.246943 -0.299446 0.921603
0 -0.146946 0.952254 0.166667 0.6 0.246943 -0.299446 0.921603
-0.476127 -0.146946 0.824676 0.25 0.6 -0.246943 -0.299446 0.921603
0 0 1 0.166667 0.5 -0.246943 -0.299446 0.921602
-0.5 0 0.866025 0.25 0.5 -0.246943 -0.299446 0.921602
0 -0.146946 0.952254 0.166667 0.6 -0.246942 -0.299446 0.921603
0 0 1 0.166667 0.5 -0.246943 -0.299446 0.921602
-0.476127 -0.146946 0.824676 0.25 0.6 -0.246943 -0.299446 0.921603
-0.824676 -0.146946 0.476127 0.333333 0.6 -0.67466 -0.299447 0.67466
-0.5 0 0.866025 0.25 0.5 -0.67466 -0.299446 0.67466
-0.866025 0 0.5 0.333333 0.5 -0.67466 -0.299447 0.67466
-0.476127 -0.146946 0.824676 0.25 0.6 -0.67466 -0.299446 0.67466
-0.5 0 0.866025 0.25 0.5 -0.67466 -0.299446 0.67466
-0.824676 -0.146946 0.476127 0.333333 0.6 -0.67466 -0.299447 0.67466
-0.952254 -0.146946 -0 0.416667 0.6 -0.921602 -0.299446 0.246943
-0.866025 0 0.5 0.333333 0.5 -0.921603 -0.299447 0.246943
-1 0 -0 0.416667 0.5 -0.921602 -0.299446 0.246943
-0.824676 -0.146946 0.476127 0.333333 0.6 -0.921602 -0.299447 0.246943
-0.866025 0 0.5 0.333333 0.5 -0.921603 -0.299447 0.246943
-0.952254 -0.146946 -0 0.416667 0.6 -0.921602 -0.299446 0.246943
-0.824676 -0.146946 -0.476127 0.5 0.6 -0.921602 -0.299447 -0.246943
-1 0 -0 0.416667 0.5 -0.921603 -0.299447 -0.246943
-0.866025 0 -0.5 0.5 0.5 -0.921602 -0.299447 -0.246943
-0.952254 -0.146946 -0 0.416667 0.6 -0.921602 -0.299447 -0.246943
-1 0 -0 0.416667 0.5 -0.921603 -0.299447 -0.246943
-0.824676 -0.146946 -0.476127 0.5 0.6 -0.921602 -0.299447 -0.246943
-0.476127 -0.146946 -0.824676 0.583333 0.6 -0.67466 -0.299447 -0.67466
-0.866025 0 -0.5 0.5 0.5 -0.67466 -0.299447 -0.67466
-0.5 0 -0.866025 0.583333 0.5 -0.67466 -0.299447 -0.67466
-0.824676 -0.146946 -0.476127 0.5 0.6 -0.67466 -0.299447 -0.67466
-0.866025 0 -0.5 0.5 0.5 -0.67466 -0.299447 -0.67466
-0.476127 -0.146946 -0.824676 0.583333 0.6 -0.67466 -0.299447 -0.67466
0 -0.146946 -0.952254 0.666667 0.6 -0.246943 -0.299446 -0.921603
-0.5 0 -0.866025 0.583333 0.5 -0.246943 -0.299446 -0.921603
0 0 -1 0.666667 0.5 -0.246942 -0.299446 -0.921603
-0.476127 -0.146946 -0.824676 0.583333 0.6 -0.246943 -0.299446 -0.921602
-0.5 0 -0.866025 0.583333 0.5 -0.246943 -0.299446 -0.921603
0 -0.146946 -0.952254 0.666667 0.6 -0.246943 -0.299446 -0.921603
0.476127 -0.146946 -0.824676 0.75 0.6 0.246943 -0.299446 -0.921603
0 0 -1 0.666667 0.5 0.246943 -0.299446 -0.921602
0.5 0 -0.866025 0.75 0.5 0.246943 -0.299446 -0.921602
0 -0.146946 -0.952254 0.666667 0.6 0.246942 -0.299446 -0.921603
0 0 -1 0.666667 0.5 0.246943 -0.299446 -0.921602
0.476127 -0.146946 -0.824676 0.75 0.6 0.246943 -0.299446 -0.921603
0.824676 -0.146946 -0.476127 0.833333 0.6 0.67466 -0.299447 -0.67466
0.5 0 -0.866025 0.75 0.5 0.67466 -0.299446 -0.67466
0.866025 0 -0.5 0.833333 0.5 0.67466 -0.299447 -0.67466
0.476127 -0.146946 -0.824676 0.75 0.6 0.67466 -0.299446 -0.67466
0.5 0 -0.866025 0.75 0.5 0.67466 -0.299446 -0.67466
0.824676 -0.146946 -0.476127 0.833333 0.6 0.67466 -0.299447 -0.67466
0.952254 -0.146946 -0 0.916667 0.6 0.921602 -0.299446 -0.246943
0.866025 0 -0.5 0.833333 0.5 0.921603 -0.299447 -0.246943
1 0 -0 0.916667 0.5 0.921602 -0.299446 -0.246943
0.824676 -0.146946 -0.476127 0.833333 0.6 0.921602 -0.299447 -0.246943
0.866025 0 -0.5 0.833333 0.5 0.921603 -0.299447 -0.246943
0.952254 -0.146946 -0 0.916667 0.6 0.921602 -0.299446 -0.246943
0.824676 -0.146946 0.476127 1 0.6 0.921602 -0.299447 0.246943
1 0 -0 0.916667 0.5 0.921603 -0.299447 0.246943
0.866025 0 0.5 1 0.5 0.921602 -0.299447 0.246943
0.952254 -0.146946 -0 0.916667 0.6 0.921602 -0.299447 0.246943
1 0 -0 0.916667 0.5 0.921603 -0.299447 0.246943
0.824676 -0.146946 0.476127 1 0.6 0.921602 -0.299447 0.246943
0.413627 -0.237764 0.716423 0.083333 0.7 0.425049 -0.799166 0.425049
0.824676 -0.146946 0.476127 0 0.6 0.425049 -0.799166 0.425049
0.476127 -0.146946 0.824676 0.083333 0.6 0.425049 -0.799166 0.425049
0.716423 -0.237764 0.413627 0 0.7 0.42505 -0.799166 0.425049
0.824676 -0.146946 0.476127 0 0.6 0.425049 -0.799166 0.425049
0.413627 -0.237764 0.716423 0.083333 0.7 0.425049 -0.799166 0.425049
0 -0.237764 0.827254 0.166667 0.7 0.155579 -0.799166 0.580628
0.476127 -0.146946 0.824676 0.083333 0.6 0.155579 -0.799166 0.580628
0 -0.146946 0.952254 0.166667 0.6 0.155579 -0.799166 0.580628
0.413627 -0.237764 0.716423 0.083333 0.7 0.155579 -0.799166 0.580628
0.476127 -0.146946 0.824676 0.083333 0.6 0.155579 -0.799166 0.580628
0 -0.237764 0.827254 0.166667 0.7 0.155579 -0.799166 0.580628
-0.413627 -0.237764 0.716423 0.25 0.7 -0.155579 -0.799166 0.580628
0 -0.146946 0.952254 0.166667 0.6 -0.155579 -0.799166 0.580628
-0.476127 -0.146946 0.824676 0.25 0.6 -0.155579 -0.799166 0.580628
0 -0.237764 0.827254 0.166667 0.7 -0.155579 -0.799166 0.580628
0 -0.146946 0.952254 0.166667 0.6 -0.155579 -0.799166 0.580628
-0.413627 -0.237764 0.716423 0.25 0.7 -0.155579 -0.799166 0.580628
-0.716423 -0.237764 0.413627 0.333333 0.7 -0.425049 -0.799166 0.425049
-0.476127 -0.146946 0.824676 0.25 0.6 -0.425049 -0.799166 0.425049
-0.824676 -0.146946 0.476127 0.333333 0.6 -0.425049 -0.799166 0.425049
-0.413627 -0.237764 0.716423 0.25 0.7 -0.425049 -0.799166 0.425049
-0.476127 -0.146946 0.824676 0.25 0.6 -0.425049 -0.799166 0.425049
-0.716423 -0.237764 0.413627 0.333333 0.7 -0.425049 -0.799166 0.425049
-0.827254 -0.237764 -0 0.416667 0.7 -0.580628 -0.799166 0.155579
-0.824676 -0.146946 0.476127 0.333333 0.6 -0.580628 -0.799166 0.155579
-0.952254 -0.146946 -0 0.416667 0.6 -0.580628 -0.799166 0.155579
-0.716423 -0.237764 0.413627 0.333333 0.7 -0.580628 -0.799166 0.155579
-0.824676 -0.146946 0.476127 0.333333 0.6 -0.580628 -0.799166 0.155579
-0.827254 -0.237764 -0 0.416667 0.7 -0.580628 -0.799166 0.155579
-0.716423 -0.237764 -0.413627 0.5 0.7 -0.580628 -0.799166 -0.155579
-0.952254 -0.146946 -0 0.416667 0.6 -0.580628 -0.799166 -0.155579
-0.824676 -0.146946 -0.476127 0.5 0.6 -0.580628 -0.799166 -0.155579
-0.827254 -0.237764 -0 0.416667 0.7 -0.580628 -0.799166 -0.155579
-0.952254 -0.146946 -0 0.416667 0.6 -0.580628 -0.799166 -0.155579
-0.716423 -0.237764 -0.413627 0.5 0.7 -0.580628 -0.799166 -0.155579
-0.413627 -0.237764 -0.716423 0.583333 0.7 -0.425049 -0.799166 -0.425049
-0.824676 -0.146946 -0.476127 0.5 0.6 -0.425049 -0.799166 -0.425049
-0.476127 -0.146946 -0.824676 0.583333 0.6 -0.425049 -0.799166 -0.425049
-0.716423 -0.237764 -0.413627 0.5 0.7 -0.42505 -0.799166 -0.425049
-0.824676 -0.146946 -0.476127 0.5 0.6 -0.425049 -0.799166 -0.425049
-0.413627 -0.237764 -0.716423 0.583333 0.7 -0.425049 -0.799166 -0.425049
0 -0.237764 -0.827254 0.666667 0.7 -0.155579 -0.799166 -0.580628
-0.476127 -0.146946 -0.824676 0.583333 0.6 -0.155579 -0.799166 -0.580628
0 -0.146946 -0.952254 0.666667 0.6 -0.155579 -0.799166 -0.580628
-0.413627 -0.237764 -0.716423 0.583333 0.7 -0.155579 -0.799166 -0.580628
-0.476127 -0.146946 -0.824676 0.583333 0.6 -0.155579 -0.799166 -0.580628
0 -0.237764 -0.827254 0.666667 0.7 -0.155579 -0.799166 -0.580628
0.413627 -0.237764 -0.716423 0.75 0.7 0.155579 -0.799166 -0.580628
0 -0.146946 -0.952254 0.666667 0.6 0.155579 -0.799166 -0.580628
0.476127 -0.146946 -0.824676 0.75 0.6 0.155579 -0.799166 -0.580628
0 -0.237764 -0.827254 0.666667 0.7 0.155579 -0.799166 -0.580628
0 -0.146946 -0.952254 0.666667 0.6 0.155579 -0.799166 -0.580628
0.413627 -0.237764 -0.716423 0.75 0.7 0.155579 -0.799166 -0.580628
0.716423 -0.237764 -0.413627 0.833333 0.7 0.425049 -0.799166 -0.425049
0.476127 -0.146946 -0.824676 0.75 0.6 0.425049 -0.799166 -0.425049
0.824676 -0.146946 -0.476127 0.833333 0.6 0.425049 -0.799166 -0.425049
0.413627 -0.237764 -0.716423 0.75 0.7 0.425049 -0.799166 -0.425049
0.476127 -0.146946 -0.824676 0.75 0.6 0.425049 -0.799166 -0.425049
0.716423 -0.237764 -0.413627 0.833333 0.7 0.425049 -0.799166 -0.425049
0.827254 -0.237764 -0 0.916667 0.7 0.580628 -0.799166 -0.155579
0.824676 -0.146946 -0.476127 0.833333 0.6 0.580628 -0.799166 -0.155579
0.952254 -0.146946 -0 0.916667 0.6 0.580628 -0.799166 -0.155579
0.716423 -0.237764 -0.413627 0.833333 0.7 0.580628 -0.799166 -0.155579
0.824676 -0.146946 -0.476127 0.833333 0.6 0.580628 -0.799166 -0.155579
0.827254 -0.237764 -0 0.916667 0.7 0.580628 -0.799166 -0.155579
0.716423 -0.237764 0.413627 1 0.7 0.580628 -0.799166 0.155579
0.952254 -0.146946 -0 0.916667 0.6 0.580628 -0.799166 0.155579
0.824676 -0.146946 0.476127 1 0.6 0.580628 -0.799166 0.155579
0.827254 -0.237764 -0 0.916667 0.7 0.580628 -0.799166 0.155579
0.952254 -0.146946 -0 0.916667 0.6 0.580628 -0.799166 0.155579
0.716423 -0.237764 0.413627 1 0.7 0.580628 -0.799166 0.155579
0.336373 -0.237764 0.582615 0.083333 0.8 0 -1 0
0.716423 -0.237764 0.413627 0 0.7 0 -1 0
0.413627 -0.237764 0.716423 0.083333 0.7 0 -1 -0
0.582615 -0.237764 0.336373 0 0.8 0 -1 0
0.716423 -0.237764 0.413627 0 0.7 0 -1 0
0.336373 -0.237764 0.582615 0.083333 0.8 0 -1 0
0 -0.237764 0.672746 0.166667 0.8 0 -1 0
0.413627 -0.237764 0.716423 0.083333 0.7 0 -1 0
0 -0.237764 0.827254 0.166667 0.7 0 -1 0
0.336373 -0.237764 0.582615 0.083333 0.8 0 -1 0
0.413627 -0.237764 0.716423 0.083333 0.7 0 -1 0
0 -0.237764 0.672746 0.166667 0.8 0 -1 0
-0.336373 -0.237764 0.582615 0.25 0.8 -0 -1 0
0 -0.237764 0.827254 0.166667 0.7 -0 -1 0
-0.413627 -0.237764 0.716423 0.25 0.7 -0 -1 0
0 -0.237764 0.672746 0.166667 0.8 -0 -1 0
0 -0.237764 0.827254 0.166667 0.7 -0 -1 0
-0.336373 -0.237764 0.582615 0.25 0.8 -0 -1 0
-0.582615 -0.237764 0.336373 0.333333 0.8 -0 -1 0
-0.413627 -0.237764 0.716423 0.25 0.7 -0 -1 0
-0.716423 -0.237764 0.413627 0.333333 0.7 -0 -1 -0
-0.336373 -0.237764 0.582615 0.25 0.8 -0 -1 0
-0.413627 -0.237764 0.716423 0.25 0.7 -0 -1 0
-0.582615 -0.237764 0.336373 0.333333 0.8 -0 -1 0
-0.672746 -0.237764 -0 0.416667 0.8 -0 -1 0
-0.716423 -0.237764 0.413627 0.333333 0.7 -0 -1 0
-0.827254 -0.237764 -0 0.416667 0.7 -0 -1 -0
-0.582615 -0.237764 0.336373 0.333333 0.8 -0 -1 0
-0.716423 -0.237764 0.413627 0.333333 0.7 -0 -1 0
-0.672746 -0.237764 -0 0.416667 0.8 -0 -1 0
-0.582615 -0.237764 -0.336373 0.5 0.8 -0 -1 -0
-0.827254 -0.237764 -0 0.416667 0.7 -0 -1 -0
-0.716423 -0.237764 -0.413627 0.5 0.7 -0 -1 -0
-0.672746 -0.237764 -0 0.416667 0.8 -0 -1 -0
-0.827254 -0.237764 -0 0.416667 0.7 -0 -1 -0
-0.582615 -0.237764 -0.336373 0.5 0.8 -0 -1 -0
-0.336373 -0.237764 -0.582615 0.583333 0.8 -0 -1 -0
-0.716423 -0.237764 -0.413627 0.5 0.7 -0 -1 -0
-0.413627 -0.237764 -0.716423 0.583333 0.7 -0 -1 -0
-0.582615 -0.237764 -0.336373 0.5 0.8 -0 -1 -0
-0.716423 -0.237764 -0.413627 0.5 0.7 -0 -1 -0
-0.336373 -0.237764 -0.582615 0.583333 0.8 -0 -1 -0
0 -0.237764 -0.672746 0.666667 0.8 -0 -1 -0
-0.413627 -0.237764 -0.716423 0.583333 0.7 -0 -1 -0
0 -0.237764 -0.827254 0.666667 0.7 -0 -1 -0
-0.336373 -0.237764 -0.582615 0.583333 0.8 -0 -1 -0
-0.413627 -0.237764 -0.716423 0.583333 0.7 -0 -1 -0
0 -0.237764 -0.672746 0.666667 0.8 -0 -1 -0
0.336373 -0.237764 -0.582615 0.75 0.8 0 -1 -0
0 -0.237764 -0.827254 0.666667 0.7 0 -1 -0
0.413627 -0.237764 -0.716423 0.75 0.7 0 -1 -0
0 -0.237764 -0.672746 0.666667 0.8 0 -1 -0
0 -0.237764 -0.827254 0.666667 0.7 0 -1 -0
0.336373 -0.237764 -0.582615 0.75 0.8 0 -1 -0
0.582615 -0.237764 -0.336373 0.833333 0.8 0 -1 -0
0.413627 -0.237764 -0.716423 0.75 0.7 0 -1 -0
0.716423 -0.237764 -0.413627 0.833333 0.7 0 -1 -0
0.336373 -0.237764 -0.582615 0.75 0.8 0 -1 -0
0.413627 -0.237764 -0.716423 0.75 0.7 0 -1 -0
0.582615 -0.237764 -0.336373 0.833333 0.8 0 -1 -0
0.672746 -0.237764 -0 0.916667 0.8 0 -1 -0
0.716423 -0.237764 -0.413627 0.833333 0.7 0 -1 -0
0.827254 -0.237764 -0 0.916667 0.7 0 -1 -0
0.582615 -0.237764 -0.336373 0.833333 0.8 0 -1 -0
0.716423 -0.237764 -0.413627 0.833333 0.7 0 -1 -0
0.672746 -0.237764 -0 0.916667 0.8 0 -1 -0
0.582615 -0.237764 0.336373 1 0.8 0 -1 0
0.827254 -0.237764 -0 0.916667 0.7 0 -1 0
0.716423 -0.237764 0.413627 1 0.7 0 -1 -0
0.672746 -0.237764 -0 0.916667 0.8 0 -1 0
0.827254 -0.237764 -0 0.916667 0.7 0 -1 0
0.582615 -0.237764 0.336373 1 0.8 0 -1 0
0.273873 -0.146946 0.474362 0.083333 0.9 -0.425049 -0.799166 -0.425049
0.582615 -0.237764 0.336373 0 0.8 -0.425049 -0.799166 -0.425049
0.336373 -0.237764 0.582615 0.083333 0.8 -0.425049 -0.799166 -0.425049
0.474362 -0.146946 0.273873 0 0.9 -0.425049 -0.799166 -0.425049
0.582615 -0.237764 0.336373 0 0.8 -0.425049 -0.799166 -0.425049
0.273873 -0.146946 0.474362 0.083333 0.9 -0.425049 -0.799166 -0.425049
0 -0.146946 0.547746 0.166667 0.9 -0.155579 -0.799166 -0.580628
0.336373 -0.237764 0.582615 0.083333 0.8 -0.155579 -0.799166 -0.580628
0 -0.237764 0.672746 0.166667 0.8 -0.155579 -0.799166 -0.580628
0.273873 -0.146946 0.474362 0.083333 0.9 -0.155579 -0.799166 -0.580628
0.336373 -0.237764 0.582615 0.083333 0.8 -0.155579 -0.799166 -0.580628
0 -0.146946 0.547746 0.166667 0.9 -0.155579 -0.799166 -0.580628
-0.273873 -0.146946 0.474362 0.25 0.9 0.155579 -0.799166 -0.580628
0 -0.237764 0.672746 0.166667 0.8 0.155579 -0.799166 -0.580628
-0.336373 -0.237764 0.582615 0.25 0.8 0.155579 -0.799166 -0.580628
0 -0.146946 0.547746 0.166667 0.9 0.155579 -0.799166 -0.580628
0 -0.237764 0.672746 0.166667 0.8 0.155579 -0.799166 -0.580628
-0.273873 -0.146946 0.474362 0.25 0.9 0.155579 -0.799166 -0.580628
-0.474362 -0.146946 0.273873 0.333333 0.9 0.425049 -0.799166 -0.425049
-0.336373 -0.237764 0.582615 0.25 0.8 0.425049 -0.799166 -0.425049
-0.582615 -0.237764 0.336373 0.333333 0.8 0.425049 -0.799166 -0.425049
-0.273873 -0.146946 0.474362 0.25 0.9 0.425049 -0.799166 -0.425049
-0.336373 -0.237764 0.582615 0.25 0.8 0.425049 -0.799166 -0.425049
-0.474362 -0.146946 0.273873 0.333333 0.9 0.425049 -0.799166 -0.425049
-0.547746 -0.146946 -0 0.416667 0.9 0.580628 -0.799166 -0.155579
-0.582615 -0.237764 0.336373 0.333333 0.8 0.580628 -0.799166 -0.155579
-0.672746 -0.237764 -0 0.416667 0.8 0.580628 -0.799166 -0.155579
-0.474362 -0.146946 0.273873 0.333333 0.9 0.580628 -0.799166 -0.155579
-0.582615 -0.237764 0.336373 0.333333 0.8 0.580628 -0.799166 -0.155579
-0.547746 -0.146946 -0 0.416667 0.9 0.580628 -0.799166 -0.155579
-0.474362 -0.146946 -0.273873 0.5 0.9 0.580628 -0.799166 0.155579
-0.672746 -0.237764 -0 0.416667 0.8 0.580628 -0.799166 0.155579
-0.582615 -0.237764 -0.336373 0.5 0.8 0.580628 -0.799166 0.155579
-0.547746 -0.146946 -0 0.416667 0.9 0.580628 -0.799166 0.155579
-0.672746 -0.237764 -0 0.416667 0.8 0.580628 -0.799166 0.155579
-0.474362 -0.146946 -0.273873 0.5 0.9 0.580628 -0.799166 0.155579
-0.273873 -0.146946 -0.474362 0.583333 0.9 0.425049 -0.799166 0.425049
-0.582615 -0.237764 -0.336373 0.5 0.8 0.425049 -0.799166 0.425049
-0.336373 -0.237764 -0.582615 0.583333 0.8 0.425049 -0.799166 0.425049
-0.474362 -0.146946 -0.273873 0.5 0.9 0.425049 -0.799166 0.425049
-0.582615 -0.237764 -0.336373 0.5 0.8 0.425049 -0.799166 0.425049
-0.273873 -0.146946 -0.474362 0.583333 0.9 0.425049 -0.799166 0.425049
0 -0.146946 -0.547746 0.666667 0.9 0.155579 -0.799166 0.580628
-0.336373 -0.237764 -0.582615 0.583333 0.8 0.155579 -0.799166 0.580628
0 -0.237764 -0.672746 0.666667 0.8 0.155579 -0.799166 0.580628
-0.273873 -0.146946 -0.474362 0.583333 0.9 0.155579 -0.799166 0.580628
-0.336373 -0.237764 -0.582615 0.583333 0.8 0.155579 -0.799166 0.580628
0 -0.146946 -0.547746 0.666667 0.9 0.155579 -0.799166 0.580628
0.273873 -0.146946 -0.474362 0.75 0.9 -0.155579 -0.799166 0.580628
0 -0.237764 -0.672746 0.666667 0.8 -0.155579 -0.799166 0.580628
0.336373 -0.237764 -0.582615 0.75 0.8 -0.155579 -0.799166 0.580628
0 -0.146946 -0.547746 0.666667 0.9 -0.155579 -0.799166 0.580628
0 -0.237764 -0.672746 0.666667 0.8 -0.155579 -0.799166 0.580628
0.273873 -0.146946 -0.474362 0.75 0.9 -0.155579 -0.799166 0.580628
0.474362 -0.146946 -0.273873 0.833333 0.9 -0.425049 -0.799166 0.425049
0.336373 -0.237764 -0.582615 0.75 0.8 -0.425049 -0.799166 0.425049
0.582615 -0.237764 -0.336373 0.833333 0.8 -0.425049 -0.799166 0.425049
0.273873 -0.146946 -0.474362 0.75 0.9 -0.425049 -0.799166 0.425049
0.336373 -0.237764 -0.582615 0.75 0.8 -0.425049 -0.799166 0.425049
0.474362 -0.146946 -0.273873 0.833333 0.9 -0.425049 -0.799166 0.425049
0.547746 -0.146946 -0 0.916667 0.9 -0.580628 -0.799166 0.155579
0.582615 -0.237764 -0.336373 0.833333 0.8 -0.580628 -0.799166 0.155579
0.672746 -0.237764 -0 0.916667 0.8 -0.580628 -0.799166 0.155579
0.474362 -0.146946 -0.273873 0.833333 0.9 -0.580628 -0.799166 0.155579
0.582615 -0.237764 -0.336373 0.833333 0.8 -0.580628 -0.799166 0.155579
0.547746 -0.146946 -0 0.916667 0.9 -0.580628 -0.799166 0.155579
0.474362 -0.146946 0.273873 1 0.9 -0.580628 -0.799166 -0.155579
0.672746 -0.237764 -0 0.916667 0.8 -0.580628 -0.799166 -0.155579
0.582615 -0.237764 0.336373 1 0.8 -0.580628 -0.799166 -0.155579
0.547746 -0.146946 -0 0.916667 0.9 -0.580628 -0.799166 -0.155579
0.672746 -0.237764 -0 0.916667 0.8 -0.580628 -0.799166 -0.155579
0.474362 -0.146946 0.273873 1 0.9 -0.580628 -0.799166 -0.155579
0.25 0 0.433013 0.083333 1 -0.67466 -0.299446 -0.67466
0.474362 -0.146946 0.273873 0 0.9 -0.67466 -0.299446 -0.67466
0.273873 -0.146946 0.474362 0.083333 0.9 -0.67466 -0.299447 -0.67466
0.433013 0 0.25 0 1 -0.67466 -0.299446 -0.67466
0.474362 -0.146946 0.273873 0 0.9 -0.67466 -0.299446 -0.67466
0.25 0 0.433013 0.083333 1 -0.67466 -0.299446 -0.67466
0 0 0.5 0.166667 1 -0.246943 -0.299446 -0.921602
0.273873 -0.146946 0.474362 0.083333 0.9 -0.246943 -0.299446 -0.921603
0 -0.146946 0.547746 0.166667 0.9 -0.246943 -0.299446 -0.921602
0.25 0 0.433013 0.083333 1 -0.246943 -0.299446 -0.921603
0.273873 -0.146946 0.474362 0.083333 0.9 -0.246943 -0.299446 -0.921603
0 0 0.5 0.166667 1 -0.246943 -0.299446 -0.921602
-0.25 0 0.433013 0.25 1 0.246943 -0.299446 -0.921602
0 -0.146946 0.547746 0.166667 0.9 0.246943 -0.299446 -0.921602
-0.273873 -0.146946 0.474362 0.25 0.9 0.246943 -0.299446 -0.921602
0 0 0.5 0.166667 1 0.246943 -0.299446 -0.921603
0 -0.146946 0.547746 0.166667 0.9 0.246943 -0.299446 -0.921602
-0.25 0 0.433013 0.25 1 0.246943 -0.299446 -0.921602
-0.433013 0 0.25 0.333333 1 0.67466 -0.299446 -0.67466
-0.273873 -0.146946 0.474362 0.25 0.9 0.67466 -0.299446 -0.67466
-0.474362 -0.146946 0.273873 0.333333 0.9 0.67466 -0.299446 -0.67466
-0.25 0 0.433013 0.25 1 0.67466 -0.299446 -0.67466
-0.273873 -0.146946 0.474362 0.25 0.9 0.67466 -0.299446 -0.67466
-0.433013 0 0.25 0.333333 1 0.67466 -0.299446 -0.67466
-0.5 0 -0 0.416667 1 0.921603 -0.299446 -0.246943
-0.474362 -0.146946 0.273873 0.333333 0.9 0.921603 -0.299446 -0.246943
-0.547746 -0.146946 -0 0.416667 0.9 0.921603 -0.299446 -0.246943
-0.433013 0 0.25 0.333333 1 0.921602 -0.299446 -0.246943
-0.474362 -0.146946 0.273873 0.333333 0.9 0.921603 -0.299446 -0.246943
-0.5 0 -0 0.416667 1 0.921603 -0.299446 -0.246943
-0.433013 0 -0.25 0.5 1 0.921603 -0.299446 0.246943
-0.547746 -0.146946 -0 0.416667 0.9 0.921603 -0.299446 0.246943
-0.474362 -0.146946 -0.273873 0.5 0.9 0.921603 -0.299446 0.246943
-0.5 0 -0 0.416667 1 0.921602 -0.299446 0.246943
-0.547746 -0.146946 -0 0.416667 0.9 0.921603 -0.299446 0.246943
-0.433013 0 -0.25 0.5 1 0.921603 -0.299446 0.246943
-0.25 0 -0.433013 0.583333 1 0.67466 -0.299446 0.67466
-0.474362 -0.146946 -0.273873 0.5 0.9 0.67466 -0.299446 0.67466
-0.273873 -0.146946 -0.474362 0.583333 0.9 0.67466 -0.299447 0.67466
-0.433013 0 -0.25 0.5 1 0.67466 -0.299446 0.67466
-0.474362 -0.146946 -0.273873 0.5 0.9 0.67466 -0.299446 0.67466
-0.25 0 -0.433013 0.583333 1 0.67466 -0.299446 0.67466
0 0 -0.5 0.666667 1 0.246943 -0.299446 0.921602
-0.273873 -0.146946 -0.474362 0.583333 0.9 0.246943 -0.299446 0.921603
0 -0.146946 -0.547746 0.666667 0.9 0.246943 -0.299446 0.921602
-0.25 0 -0.433013 0.583333 1 0.246943 -0.299446 0.921603
-0.273873 -0.146946 -0.474362 0.583333 0.9 0.246943 -0.299446 0.921603
0 0 -0.5 0.666667 1 0.246943 -0.299446 0.921602
0.25 0 -0.433013 0.75 1 -0.246943 -0.299446 0.921602
0 -0.146946 -0.547746 0.666667 0.9 -0.246943 -0.299446 0.921602
0.273873 -0.146946 -0.474362 0.75 0.9 -0.246943 -0.299446 0.921602
0 0 -0.5 0.666667 1 -0.246943 -0.299446 0.921603
0 -0.146946 -0.547746 0.666667 0.9 -0.246943 -0.299446 0.921602
0.25 0 -0.433013 0.75 1 -0.246943 -0.299446 0.921602
0.433013 0 -0.25 0.833333 1 -0.67466 -0.299446 0.67466
0.273873 -0.146946 -0.474362 0.75 0.9 -0.67466 -0.299446 0.67466
0.474362 -0.146946 -0.273873 0.833333 0.9 -0.67466 -0.299446 0.67466
0.25 0 -0.433013 0.75 1 -0.67466 -0.299446 0.67466
0.273873 -0.146946 -0.474362 0.75 0.9 -0.67466 -0.299446 0.67466
0.433013 0 -0.25 0.833333 1 -0.67466 -0.299446 0.67466
0.5 0 -0 0.916667 1 -0.921603 -0.299446 0.246943
0.474362 -0.146946 -0.273873 0.833333 0.9 -0.921603 -0.299446 0.246943
0.547746 -0.146946 -0 0.916667 0.9 -0.921603 -0.299446 0.246943
0.433013 0 -0.25 0.833333 1 -0.921602 -0.299446 0.246943
0.474362 -0.146946 -0.273873 0.833333 0.9 -0.921603 -0.299446 0.246943
0.5 0 -0 0.916667 1 -0.921603 -0.299446 0.246943
0.433013 0 0.25 1 1 -0.921603 -0.299446 -0.246943
0.547746 -0.146946 -0 0.916667 0.9 -0.921603 -0.299446 -0.246943
0.474362 -0.146946 0.273873 1 0.9 -0.921603 -0.299446 -0.246943
0.5 0 -0 0.916667 1 -0.921602 -0.299446 -0.246943
0.547746 -0.146946 -0 0.916667 0.9 -0.921603 -0.299446 -0.246943
0.433013 0 0.25 1 1 -0.921603 -0.299446 -0.246943
0.07425 0.073473 0.121281 0.083333 0.1 -0.67466 0.299447 -0.67466
0.108066 0 0.054854 0 0 -0.67466 0.299447 -0.67466
0.062313 0 0.100607 0.083333 0 -0.67466 0.299447 -0.67466
0.128741 0.073473 0.06679 0 0.1 -0.67466 0.299446 -0.67466
0.108066 0 0.054854 0 0 -0.67466 0.299447 -0.67466
0.07425 0.073473 0.121281 0.083333 0.1 -0.67466 0.299447 -0.67466
-0.000187 0.073473 0.141227 0.166667 0.1 -0.246943 0.299447 -0.921602
0.062313 0 0.100607 0.083333 0 -0.246943 0.299447 -0.921602
-0.000187 0 0.117354 0.166667 0 -0.246943 0.299447 -0.921602
0.07425 0.073473 0.121281 0.083333 0.1 -0.246943 0.299447 -0.921602
0.062313 0 0.100607 0.083333 0 -0.246943 0.299447 -0.921602
-0.000187 0.073473 0.141227 0.166667 0.1 -0.246943 0.299447 -0.921602
-0.074623 0.073473 0.121281 0.25 0.1 0.246943 0.299447 -0.921602
-0.000187 0 0.117354 0.166667 0 0.246943 0.299447 -0.921602
-0.062687 0 0.100607 0.25 0 0.246942 0.299447 -0.921602
-0.000187 0.073473 0.141227 0.166667 0.1 0.246943 0.299447 -0.921602
-0.000187 0 0.117354 0.166667 0 0.246943 0.299447 -0.921602
-0.074623 0.073473 0.121281 0.25 0.1 0.246943 0.299447 -0.921602
-0.129115 0.073473 0.06679 0.333333 0.1 0.67466 0.299447 -0.67466
-0.062687 0 0.100607 0.25 0 0.67466 0.299447 -0.67466
-0.10844 0 0.054854 0.333333 0 0.67466 0.299447 -0.67466
-0.074623 0.073473 0.121281 0.25 0.1 0.67466 0.299447 -0.67466
-0.062687 0 0.100607 0.25 0 0.67466 0.299447 -0.67466
-0.129115 0.073473 0.06679 0.333333 0.1 0.67466 0.299447 -0.67466
-0.14906 0.073473 -0.007646 0.416667 0.1 0.921602 0.299447 -0.246943
-0.10844 0 0.054854 0.333333 0 0.921602 0.299447 -0.246943
-0.125187 0 -0.007646 0.416667 0 0.921602 0.299447 -0.246943
-0.129115 0.073473 0.06679 0.333333 0.1 0.921602 0.299447 -0.246943
-0.10844 0 0.054854 0.333333 0 0.921602 0.299447 -0.246943
-0.14906 0.073473 -0.007646 0.416667 0.1 0.921602 0.299447 -0.246943
-0.129115 0.073473 -0.082083 0.5 0.1 0.921602 0.299447 0.246943
-0.125187 0 -0.007646 0.416667 0 0.921602 0.299447 0.246943
-0.10844 0 -0.070146 0.5 0 0.921602 0.299447 0.246943
-0.14906 0.073473 -0.007646 0.416667 0.1 0.921602 0.299447 0.246943
-0.125187 0 -0.007646 0.416667 0 0.921602 0.299447 0.246943
-0.129115 0.073473 -0.082083 0.5 0.1 0.921602 0.299447 0.246943
-0.074623 0.073473 -0.136574 0.583333 0.1 0.67466 0.299447 0.67466
-0.10844 0 -0.070146 0.5 0 0.67466 0.299447 0.67466
-0.062687 0 -0.115899 0.583333 0 0.67466 0.299447 0.67466
-0.129115 0.073473 -0.082083 0.5 0.1 0.67466 0.299447 0.67466
-0.10844 0 -0.070146 0.5 0 0.67466 0.299447 0.67466
-0.074623 0.073473 -0.136574 0.583333 0.1 0.67466 0.299447 0.67466
-0.000187 0.073473 -0.156519 0.666667 0.1 0.246942 0.299447 0.921602
-0.062687 0 -0.115899 0.583333 0 0.246942 0.299447 0.921602
-0.000187 0 -0.132646 0.666667 0 0.246942 0.299447 0.921602
-0.074623 0.073473 -0.136574 0.583333 0.1 0.246942 0.299447 0.921602
-0.062687 0 -0.115899 0.583333 0 0.246942 0.299447 0.921602
-0.000187 0.073473 -0.156519 0.666667 0.1 0.246942 0.299447 0.921602
0.07425 0.073473 -0.136574 0.75 0.1 -0.246942 0.299447 0.921602
-0.000187 0 -0.132646 0.666667 0 -0.246942 0.299447 0.921602
0.062313 0 -0.115899 0.75 0 -0.246942 0.299447 0.921603
-0.000187 0.073473 -0.156519 0.666667 0.1 -0.246942 0.299447 0.921602
-0.000187 0 -0.132646 0.666667 0 -0.246942 0.299447 0.921602
0.07425 0.073473 -0.136574 0.75 0.1 -0.246942 0.299447 0.921602
0.128741 0.073473 -0.082083 0.833333 0.1 -0.67466 0.299447 0.67466
0.062313 0 -0.115899 0.75 0 -0.67466 0.299447 0.67466
0.108066 0 -0.070146 0.833333 0 -0.67466 0.299447 0.67466
0.07425 0.073473 -0.136574 0.75 0.1 -0.67466 0.299447 0.67466
0.062313 0 -0.115899 0.75 0 -0.67466 0.299447 0.67466
0.128741 0.073473 -0.082083 0.833333 0.1 -0.67466 0.299447 0.67466
0.148686 0.073473 -0.007646 0.916667 0.1 -0.921602 0.299447 0.246943
0.108066 0 -0.070146 0.833333 0 -0.921602 0.299447 0.246943
0.124813 0 -0.007646 0.916667 0 -0.921602 0.299447 0.246943
0.128741 0.073473 -0.082083 0.833333 0.1 -0.921602 0.299447 0.246943
0.108066 0 -0.070146 0.833333 0 -0.921602 0.299447 0.246943
0.148686 0.073473 -0.007646 0.916667 0.1 -0.921602 0.299447 0.246943
0.128741 0.073473 0.06679 1 0.1 -0.921602 0.299447 -0.246943
0.124813 0 -0.007646 0.916667 0 -0.921602 0.299447 -0.246943
0.108066 0 0.054854 1 0 -0.921602 0.299447 -0.246943
0.148686 0.073473 -0.007646 0.916667 0.1 -0.921602 0.299447 -0.246943
0.124813 0 -0.007646 0.916667 0 -0.921602 0.299447 -0.246943
0.128741 0.073473 0.06679 1 0.1 -0.921602 0.299447 -0.246943
0.1055 0.118882 0.175408 0.083333 0.2 -0.425049 0.799166 -0.425049
0.128741 0.073473 0.06679 0 0.1 -0.425049 0.799166 -0.425049
0.07425 0.073473 0.121281 0.083333 0.1 -0.425049 0.799166 -0.425049
0.182867 0.118882 0.09804 0 0.2 -0.425049 0.799166 -0.42505
0.128741 0.073473 0.06679 0 0.1 -0.425049 0.799166 -0.425049
0.1055 0.118882 0.175408 0.083333 0.2 -0.425049 0.799166 -0.425049
-0.000187 0.118882 0.203727 0.166667 0.2 -0.155579 0.799166 -0.580628
0.07425 0.073473 0.121281 0.083333 0.1 -0.155579 0.799166 -0.580628
-0.000187 0.073473 0.141227 0.166667 0.1 -0.155579 0.799166 -0.580628
0.1055 0.118882 0.175408 0.083333 0.2 -0.155579 0.799166 -0.580628
0.07425 0.073473 0.121281 0.083333 0.1 -0.155579 0.799166 -0.580628
-0.000187 0.118882 0.203727 0.166667 0.2 -0.155579 0.799166 -0.580628
-0.105873 0.118882 0.175408 0.25 0.2 0.155579 0.799166 -0.580628
-0.000187 0.073473 0.141227 0.166667 0.1 0.155579 0.799166 -0.580628
-0.074623 0.073473 0.121281 0.25 0.1 0.155579 0.799166 -0.580628
-0.000187 0.118882 0.203727 0.166667 0.2 0.155579 0.799166 -0.580628
-0.000187 0.073473 0.141227 0.166667 0.1 0.155579 0.799166 -0.580628
-0.105873 0.118882 0.175408 0.25 0.2 0.155579 0.799166 -0.580628
-0.183241 0.118882 0.09804 0.333333 0.2 0.425049 0.799166 -0.425049
-0.074623 0.073473 0.121281 0.25 0.1 0.425049 0.799166 -0.425049
-0.129115 0.073473 0.06679 0.333333 0.1 0.425049 0.799166 -0.425049
-0.105873 0.118882 0.175408 0.25 0.2 0.425049 0.799166 -0.425049
-0.074623 0.073473 0.121281 0.25 0.1 0.425049 0.799166 -0.425049
-0.183241 0.118882 0.09804 0.333333 0.2 0.425049 0.799166 -0.425049
-0.21156 0.118882 -0.007646 0.416667 0.2 0.580628 0.799166 -0.155579
-0.129115 0.073473 0.06679 0.333333 0.1 0.580628 0.799166 -0.155579
-0.14906 0.073473 -0.007646 0.416667 0.1 0.580628 0.799166 -0.155579
-0.183241 0.118882 0.09804 0.333333 0.2 0.580628 0.799166 -0.155579
-0.129115 0.073473 0.06679 0.333333 0.1 0.580628 0.799166 -0.155579
-0.21156 0.118882 -0.007646 0.416667 0.2 0.580628 0.799166 -0.155579
-0.183241 0.118882 -0.113333 0.5 0.2 0.580628 0.799166 0.155579
-0.14906 0.073473 -0.007646 0.416667 0.1 0.580628 0.799166 0.155579
-0.129115 0.073473 -0.082083 0.5 0.1 0.580628 0.799166 0.155579
-0.21156 0.118882 -0.007646 0.416667 0.2 0.580628 0.799166 0.155579
-0.14906 0.073473 -0.007646 0.416667 0.1 0.580628 0.799166 0.155579
-0.183241 0.118882 -0.113333 0.5 0.2 0.580628 0.799166 0.155579
-0.105873 0.118882 -0.1907 0.583333 0.2 0.425049 0.799166 0.425049
-0.129115 0.073473 -0.082083 0.5 0.1 0.425049 0.799166 0.425049
-0.074623 0.073473 -0.136574 0.583333 0.1 0.42505 0.799166 0.425049
-0.183241 0.118882 -0.113333 0.5 0.2 0.425049 0.799166 0.425049
-0.129115 0.073473 -0.082083 0.5 0.1 0.425049 0.799166 0.425049
-0.105873 0.118882 -0.1907 0.583333 0.2 0.425049 0.799166 0.425049
-0.000187 0.118882 -0.219019 0.666667 0.2 0.155579 0.799166 0.580628
-0.074623 0.073473 -0.136574 0.583333 0.1 0.155579 0.799166 0.580628
-0.000187 0.073473 -0.156519 0.666667 0.1 0.155579 0.799166 0.580628
-0.105873 0.118882 -0.1907 0.583333 0.2 0.155579 0.799166 0.580628
-0.074623 0.073473 -0.136574 0.583333 0.1 0.155579 0.799166 0.580628
-0.000187 0.118882 -0.219019 0.666667 0.2 0.155579 0.799166 0.580628
0.1055 0.118882 -0.1907 0.75 0.2 -0.155579 0.799166 0.580628
-0.000187 0.073473 -0.156519 0.666667 0.1 -0.155579 0.799166 0.580628
0.07425 0.073473 -0.136574 0.75 0.1 -0.155579 0.799166 0.580628
-0.000187 0.118882 -0.219019 0.666667 0.2 -0.155579 0.799166 0.580628
-0.000187 0.073473 -0.156519 0.666667 0.1 -0.155579 0.799166 0.580628
0.1055 0.118882 -0.1907 0.75 0.2 -0.155579 0.799166 0.580628
0.182867 0.118882 -0.113333 0.833333 0.2 -0.425049 0.799166 0.425049
0.07425 0.073473 -0.136574 0.75 0.1 -0.425049 0.799166 0.425049
0.128741 0.073473 -0.082083 0.833333 0.1 -0.425049 0.799166 0.425049
0.1055 0.118882 -0.1907 0.75 0.2 -0.425049 0.799166 0.425049
0.07425 0.073473 -0.136574 0.75 0.1 -0.425049 0.799166 0.425049
0.182867 0.118882 -0.113333 0.833333 0.2 -0.425049 0.799166 0.425049
0.211186 0.118882 -0.007646 0.916667 0.2 -0.580628 0.799166 0.155579
0.128741 0.073473 -0.082083 0.833333 0.1 -0.580628 0.799166 0.155579
0.148686 0.073473 -0.007646 0.916667 0.1 -0.580628 0.799166 0.155579
0.182867 0.118882 -0.113333 0.833333 0.2 -0.580628 0.799166 0.155579
0.128741 0.073473 -0.082083 0.833333 0.1 -0.580628 0.799166 0.155579
0.211186 0.118882 -0.007646 0.916667 0.2 -0.580628 0.799166 0.155579
0.182867 0.118882 0.09804 1 0.2 -0.580628 0.799166 -0.155579
0.148686 0.073473 -0.007646 0.916667 0.1 -0.580628 0.799166 -0.155579
0.128741 0.073473 0.06679 1 0.1 -0.580628 0.799166 -0.155579
0.211186 0.118882 -0.007646 0.916667 0.2 -0.580628 0.799166 -0.155579
0.148686 0.073473 -0.007646 0.916667 0.1 -0.580628 0.799166 -0.155579
0.182867 0.118882 0.09804 1 0.2 -0.580628 0.799166 -0.155579
0.144127 0.118882 0.242312 0.083333 0.3 -0 1 0
0.182867 0.118882 0.09804 0 0.2 -0 1 0
0.1055 0.118882 0.175408 0.083333 0.2 -0 1 -0
0.249772 0.118882 0.136667 0 0.3 -0 1 0
0.182867 0.118882 0.09804 0 0.2 -0 1 0
0.144127 0.118882 0.242312 0.083333 0.3 -0 1 0
-0.000187 0.118882 0.280981 0.166667 0.3 -0 1 -0
0.1055 0.118882 0.175408 0.083333 0.2 -0 1 -0
-0.000187 0.118882 0.203727 0.166667 0.2 -0 1 -0
0.144127 0.118882 0.242312 0.083333 0.3 -0 1 -0
0.1055 0.118882 0.175408 0.083333 0.2 -0 1 -0
-0.000187 0.118882 0.280981 0.166667 0.3 -0 1 -0
-0.1445 0.118882 0.242312 0.25 0.3 0 1 -0
-0.000187 0.118882 0.203727 0.166667 0.2 0 1 -0
-0.105873 0.118882 0.175408 0.25 0.2 0 1 -0
-0.000187 0.118882 0.280981 0.166667 0.3 0 1 -0
-0.000187 0.118882 0.203727 0.166667 0.2 0 1 -0
-0.1445 0.118882 0.242312 0.25 0.3 0 1 -0
-0.250145 0.118882 0.136667 0.333333 0.3 0 1 -0
-0.105873 0.118882 0.175408 0.25 0.2 0 1 -0
-0.183241 0.118882 0.09804 0.333333 0.2 0 1 -0
-0.1445 0.118882 0.242312 0.25 0.3 0 1 -0
-0.105873 0.118882 0.175408 0.25 0.2 0 1 -0
-0.250145 0.118882 0.136667 0.333333 0.3 0 1 -0
-0.288814 0.118882 -0.007646 0.416667 0.3 0 1 -0
-0.183241 0.118882 0.09804 0.333333 0.2 0 1 -0
-0.21156 0.118882 -0.007646 0.416667 0.2 0 1 -0
-0.250145 0.118882 0.136667 0.333333 0.3 0 1 -0
-0.183241 0.118882 0.09804 0.333333 0.2 0 1 -0
-0.288814 0.118882 -0.007646 0.416667 0.3 0 1 -0
-0.250145 0.118882 -0.15196 0.5 0.3 0 1 0
-0.21156 0.118882 -0.007646 0.416667 0.2 0 1 0
-0.183241 0.118882 -0.113333 0.5 0.2 0 1 -0
-0.288814 0.118882 -0.007646 0.416667 0.3 0 1 0
-0.21156 0.118882 -0.007646 0.416667 0.2 0 1 0
-0.250145 0.118882 -0.15196 0.5 0.3 0 1 0
-0.1445 0.118882 -0.257605 0.583333 0.3 0 1 0
-0.183241 0.118882 -0.113333 0.5 0.2 0 1 -0
-0.105873 0.118882 -0.1907 0.583333 0.2 0 1 0
-0.250145 0.118882 -0.15196 0.5 0.3 0 1 -0
-0.183241 0.118882 -0.113333 0.5 0.2 0 1 -0
-0.1445 0.118882 -0.257605 0.583333 0.3 0 1 0
-0.000187 0.118882 -0.296273 0.666667 0.3 0 1 0
-0.105873 0.118882 -0.1907 0.583333 0.2 0 1 0
-0.000187 0.118882 -0.219019 0.666667 0.2 0 1 0
-0.1445 0.118882 -0.257605 0.583333 0.3 0 1 -0
-0.105873 0.118882 -0.1907 0.583333 0.2 0 1 0
-0.000187 0.118882 -0.296273 0.666667 0.3 0 1 0
0.144127 0.118882 -0.257605 0.75 0.3 -0 1 0
-0.000187 0.118882 -0.219019 0.666667 0.2 -0 1 0
0.1055 0.118882 -0.1907 0.75 0.2 -0 1 1e-006
-0.000187 0.118882 -0.296273 0.666667 0.3 -0 1 -0
-0.000187 0.118882 -0.219019 0.666667 0.2 -0 1 0
0.144127 0.118882 -0.257605 0.75 0.3 -0 1 0
0.249772 0.118882 -0.15196 0.833333 0.3 -0 1 0
0.1055 0.118882 -0.1907 0.75 0.2 -0 1 -0
0.182867 0.118882 -0.113333 0.833333 0.2 -0 1 0
0.144127 0.118882 -0.257605 0.75 0.3 -0 1 -0
0.1055 0.118882 -0.1907 0.75 0.2 -0 1 -0
0.249772 0.118882 -0.15196 0.833333 0.3 -0 1 0
0.28844 0.118882 -0.007646 0.916667 0.3 -0 1 0
0.182867 0.118882 -0.113333 0.833333 0.2 -0 1 0
0.211186 0.118882 -0.007646 0.916667 0.2 -0 1 -0
0.249772 0.118882 -0.15196 0.833333 0.3 -0 1 0
0.182867 0.118882 -0.113333 0.833333 0.2 -0 1 0
0.28844 0.118882 -0.007646 0.916667 0.3 -0 1 0
0.249772 0.118882 0.136667 1 0.3 -0 1 -0
0.211186 0.118882 -0.007646 0.916667 0.2 -0 1 -0
0.182867 0.118882 0.09804 1 0.2 -0 1 -0
0.28844 0.118882 -0.007646 0.916667 0.3 -0 1 -0
0.211186 0.118882 -0.007646 0.916667 0.2 -0 1 -0
0.249772 0.118882 0.136667 1 0.3 -0 1 -0
0.175377 0.073473 0.296439 0.083333 0.4 0.425049 0.799166 0.425049
0.249772 0.118882 0.136667 0 0.3 0.425049 0.799166 0.425049
0.144127 0.118882 0.242312 0.083333 0.3 0.425049 0.799166 0.425049
0.303898 0.073473 0.167917 0 0.4 0.425049 0.799166 0.425049
0.249772 0.118882 0.136667 0 0.3 0.425049 0.799166 0.425049
0.175377 0.073473 0.296439 0.083333 0.4 0.425049 0.799166 0.425049
-0.000187 0.073473 0.343481 0.166667 0.4 0.155579 0.799166 0.580628
0.144127 0.118882 0.242312 0.083333 0.3 0.155579 0.799166 0.580628
-0.000187 0.118882 0.280981 0.166667 0.3 0.155579 0.799166 0.580628
0.175377 0.073473 0.296439 0.083333 0.4 0.155579 0.799166 0.580628
0.144127 0.118882 0.242312 0.083333 0.3 0.155579 0.799166 0.580628
-0.000187 0.073473 0.343481 0.166667 0.4 0.155579 0.799166 0.580628
-0.17575 0.073473 0.296439 0.25 0.4 -0.155579 0.799166 0.580628
-0.000187 0.118882 0.280981 0.166667 0.3 -0.155579 0.799166 0.580628
-0.1445 0.118882 0.242312 0.25 0.3 -0.155579 0.799166 0.580628
-0.000187 0.073473 0.343481 0.166667 0.4 -0.155579 0.799166 0.580628
-0.000187 0.118882 0.280981 0.166667 0.3 -0.155579 0.799166 0.580628
-0.17575 0.073473 0.296439 0.25 0.4 -0.155579 0.799166 0.580628
-0.304272 0.073473 0.167917 0.333333 0.4 -0.425049 0.799166 0.425049
-0.1445 0.118882 0.242312 0.25 0.3 -0.425049 0.799166 0.425049
-0.250145 0.118882 0.136667 0.333333 0.3 -0.425049 0.799166 0.425049
-0.17575 0.073473 0.296439 0.25 0.4 -0.425049 0.799166 0.425049
-0.1445 0.118882 0.242312 0.25 0.3 -0.425049 0.799166 0.425049
-0.304272 0.073473 0.167917 0.333333 0.4 -0.425049 0.799166 0.425049
-0.351314 0.073473 -0.007646 0.416667 0.4 -0.580628 0.799166 0.155579
-0.250145 0.118882 0.136667 0.333333 0.3 -0.580628 0.799166 0.155579
-0.288814 0.118882 -0.007646 0.416667 0.3 -0.580628 0.799166 0.155579
-0.304272 0.073473 0.167917 0.333333 0.4 -0.580628 0.799166 0.155579
-0.250145 0.118882 0.136667 0.333333 0.3 -0.580628 0.799166 0.155579
-0.351314 0.073473 -0.007646 0.416667 0.4 -0.580628 0.799166 0.155579
-0.304272 0.073473 -0.18321 0.5 0.4 -0.580628 0.799166 -0.155579
-0.288814 0.118882 -0.007646 0.416667 0.3 -0.580628 0.799166 -0.155579
-0.250145 0.118882 -0.15196 0.5 0.3 -0.580628 0.799166 -0.155579
-0.351314 0.073473 -0.007646 0.416667 0.4 -0.580628 0.799166 -0.155579
-0.288814 0.118882 -0.007646 0.416667 0.3 -0.580628 0.799166 -0.155579
-0.304272 0.073473 -0.18321 0.5 0.4 -0.580628 0.799166 -0.155579
-0.17575 0.073473 -0.311731 0.583333 0.4 -0.425049 0.799166 -0.425049
-0.250145 0.118882 -0.15196 0.5 0.3 -0.425049 0.799166 -0.425049
-0.1445 0.118882 -0.257605 0.583333 0.3 -0.425049 0.799166 -0.425049
-0.304272 0.073473 -0.18321 0.5 0.4 -0.425049 0.799166 -0.425049
-0.250145 0.118882 -0.15196 0.5 0.3 -0.425049 0.799166 -0.425049
-0.17575 0.073473 -0.311731 0.583333 0.4 -0.425049 0.799166 -0.425049
-0.000187 0.073473 -0.358773 0.666667 0.4 -0.155579 0.799166 -0.580628
-0.1445 0.118882 -0.257605 0.583333 0.3 -0.155579 0.799166 -0.580628
-0.000187 0.118882 -0.296273 0.666667 0.3 -0.155579 0.799166 -0.580628
-0.17575 0.073473 -0.311731 0.583333 0.4 -0.155579 0.799166 -0.580628
-0.1445 0.118882 -0.257605 0.583333 0.3 -0.155579 0.799166 -0.580628
-0.000187 0.073473 -0.358773 0.666667 0.4 -0.155579 0.799166 -0.580628
0.175377 0.073473 -0.311731 0.75 0.4 0.155579 0.799166 -0.580628
-0.000187 0.118882 -0.296273 0.666667 0.3 0.155579 0.799166 -0.580628
0.144127 0.118882 -0.257605 0.75 0.3 0.155579 0.799166 -0.580628
-0.000187 0.073473 -0.358773 0.666667 0.4 0.155579 0.799166 -0.580628
-0.000187 0.118882 -0.296273 0.666667 0.3 0.155579 0.799166 -0.580628
0.175377 0.073473 -0.311731 0.75 0.4 0.155579 0.799166 -0.580628
0.303898 0.073473 -0.18321 0.833333 0.4 0.425049 0.799166 -0.425049
0.144127 0.118882 -0.257605 0.75 0.3 0.425049 0.799166 -0.425049
0.249772 0.118882 -0.15196 0.833333 0.3 0.425049 0.799166 -0.425049
0.175377 0.073473 -0.311731 0.75 0.4 0.425049 0.799166 -0.425049
0.144127 0.118882 -0.257605 0.75 0.3 0.425049 0.799166 -0.425049
0.303898 0.073473 -0.18321 0.833333 0.4 0.425049 0.799166 -0.425049
0.35094 0.073473 -0.007646 0.916667 0.4 0.580628 0.799166 -0.155579
0.249772 0.118882 -0.15196 0.833333 0.3 0.580628 0.799166 -0.155579
0.28844 0.118882 -0.007646 0.916667 0.3 0.580628 0.799166 -0.155579
0.303898 0.073473 -0.18321 0.833333 0.4 0.580628 0.799166 -0.155579
0.249772 0.118882 -0.15196 0.833333 0.3 0.580628 0.799166 -0.155579
0.35094 0.073473 -0.007646 0.916667 0.4 0.580628 0.799166 -0.155579
0.303898 0.073473 0.167917 1 0.4 0.580628 0.799166 0.155579
0.28844 0.118882 -0.007646 0.916667 0.3 0.580628 0.799166 0.155579
0.249772 0.118882 0.136667 1 0.3 0.580628 0.799166 0.155579
0.35094 0.073473 -0.007646 0.916667 0.4 0.580628 0.799166 0.155579
0.28844 0.118882 -0.007646 0.916667 0.3 0.580628 0.799166 0.155579
0.303898 0.073473 0.167917 1 0.4 0.580628 0.799166 0.155579
0.187313 0 0.317113 0.083333 0.5 0.67466 0.299446 0.67466
0.303898 0.073473 0.167917 0 0.4 0.67466 0.299446 0.67466
0.175377 0.073473 0.296439 0.083333 0.4 0.67466 0.299446 0.67466
0.324573 0 0.179854 0 0.5 0.67466 0.299446 0.67466
0.303898 0.073473 0.167917 0 0.4 0.67466 0.299446 0.67466
0.187313 0 0.317113 0.083333 0.5 0.67466 0.299446 0.67466
-0.000187 0 0.367354 0.166667 0.5 0.246943 0.299446 0.921602
0.175377 0.073473 0.296439 0.083333 0.4 0.246943 0.299447 0.921602
-0.000187 0.073473 0.343481 0.166667 0.4 0.246943 0.299446 0.921602
0.187313 0 0.317113 0.083333 0.5 0.246943 0.299447 0.921602
0.175377 0.073473 0.296439 0.083333 0.4 0.246943 0.299447 0.921602
-0.000187 0 0.367354 0.166667 0.5 0.246943 0.299446 0.921602
-0.187687 0 0.317113 0.25 0.5 -0.246943 0.299446 0.921602
-0.000187 0.073473 0.343481 0.166667 0.4 -0.246943 0.299447 0.921602
-0.17575 0.073473 0.296439 0.25 0.4 -0.246943 0.299446 0.921602
-0.000187 0 0.367354 0.166667 0.5 -0.246943 0.299446 0.921602
-0.000187 0.073473 0.343481 0.166667 0.4 -0.246943 0.299447 0.921602
-0.187687 0 0.317113 0.25 0.5 -0.246943 0.299446 0.921602
-0.324946 0 0.179854 0.333333 0.5 -0.67466 0.299447 0.67466
-0.17575 0.073473 0.296439 0.25 0.4 -0.67466 0.299447 0.67466
-0.304272 0.073473 0.167917 0.333333 0.4 -0.67466 0.299447 0.67466
-0.187687 0 0.317113 0.25 0.5 -0.67466 0.299447 0.67466
-0.17575 0.073473 0.296439 0.25 0.4 -0.67466 0.299447 0.67466
-0.324946 0 0.179854 0.333333 0.5 -0.67466 0.299447 0.67466
-0.375187 0 -0.007646 0.416667 0.5 -0.921603 0.299446 0.246943
-0.304272 0.073473 0.167917 0.333333 0.4 -0.921603 0.299446 0.246943
-0.351314 0.073473 -0.007646 0.416667 0.4 -0.921602 0.299447 0.246943
-0.324946 0 0.179854 0.333333 0.5 -0.921603 0.299446 0.246943
-0.304272 0.073473 0.167917 0.333333 0.4 -0.921603 0.299446 0.246943
-0.375187 0 -0.007646 0.416667 0.5 -0.921603 0.299446 0.246943
-0.324946 0 -0.195146 0.5 0.5 -0.921603 0.299446 -0.246943
-0.351314 0.073473 -0.007646 0.416667 0.4 -0.921603 0.299446 -0.246943
-0.304272 0.073473 -0.18321 0.5 0.4 -0.921603 0.299446 -0.246943
-0.375187 0 -0.007646 0.416667 0.5 -0.921602 0.299447 -0.246943
-0.351314 0.073473 -0.007646 0.416667 0.4 -0.921603 0.299446 -0.246943
-0.324946 0 -0.195146 0.5 0.5 -0.921603 0.299446 -0.246943
-0.187687 0 -0.332406 0.583333 0.5 -0.67466 0.299447 -0.67466
-0.304272 0.073473 -0.18321 0.5 0.4 -0.67466 0.299447 -0.67466
-0.17575 0.073473 -0.311731 0.583333 0.4 -0.67466 0.299447 -0.67466
-0.324946 0 -0.195146 0.5 0.5 -0.67466 0.299447 -0.67466
-0.304272 0.073473 -0.18321 0.5 0.4 -0.67466 0.299447 -0.67466
-0.187687 0 -0.332406 0.583333 0.5 -0.67466 0.299447 -0.67466
-0.000187 0 -0.382646 0.666667 0.5 -0.246943 0.299446 -0.921602
-0.17575 0.073473 -0.311731 0.583333 0.4 -0.246943 0.299446 -0.921602
-0.000187 0.073473 -0.358773 0.666667 0.4 -0.246943 0.299446 -0.921602
-0.187687 0 -0.332406 0.583333 0.5 -0.246943 0.299447 -0.921602
-0.17575 0.073473 -0.311731 0.583333 0.4 -0.246943 0.299446 -0.921602
-0.000187 0 -0.382646 0.666667 0.5 -0.246943 0.299446 -0.921602
0.187313 0 -0.332406 0.75 0.5 0.246943 0.299446 -0.921602
-0.000187 0.073473 -0.358773 0.666667 0.4 0.246943 0.299446 -0.921602
0.175377 0.073473 -0.311731 0.75 0.4 0.246943 0.299447 -0.921603
-0.000187 0 -0.382646 0.666667 0.5 0.246943 0.299446 -0.921602
-0.000187 0.073473 -0.358773 0.666667 0.4 0.246943 0.299446 -0.921602
0.187313 0 -0.332406 0.75 0.5 0.246943 0.299446 -0.921602
0.324573 0 -0.195146 0.833333 0.5 0.67466 0.299446 -0.67466
0.175377 0.073473 -0.311731 0.75 0.4 0.67466 0.299446 -0.67466
0.303898 0.073473 -0.18321 0.833333 0.4 0.67466 0.299446 -0.67466
0.187313 0 -0.332406 0.75 0.5 0.67466 0.299447 -0.67466
0.175377 0.073473 -0.311731 0.75 0.4 0.67466 0.299446 -0.67466
0.324573 0 -0.195146 0.833333 0.5 0.67466 0.299446 -0.67466
0.374813 0 -0.007646 0.916667 0.5 0.921602 0.299447 -0.246943
0.303898 0.073473 -0.18321 0.833333 0.4 0.921603 0.299447 -0.246943
0.35094 0.073473 -0.007646 0.916667 0.4 0.921602 0.299447 -0.246943
0.324573 0 -0.195146 0.833333 0.5 0.921602 0.299447 -0.246943
0.303898 0.073473 -0.18321 0.833333 0.4 0.921603 0.299447 -0.246943
0.374813 0 -0.007646 0.916667 0.5 0.921602 0.299447 -0.246943
0.324573 0 0.179854 1 0.5 0.921602 0.299447 0.246943
0.35094 0.073473 -0.007646 0.916667 0.4 0.921602 0.299447 0.246943
0.303898 0.073473 0.167917 1 0.4 0.921602 0.299447 0.246943
0.374813 0 -0.007646 0.916667 0.5 0.921602 0.299446 0.246943
0.35094 0.073473 -0.007646 0.916667 0.4 0.921602 0.299447 0.246943
0.324573 0 0.179854 1 0.5 0.921602 0.299447 0.246943
0.175377 -0.073473 0.296439 0.083333 0.6 0.67466 -0.299446 0.67466
0.324573 0 0.179854 0 0.5 0.67466 -0.299446 0.67466
0.187313 0 0.317113 0.083333 0.5 0.67466 -0.299446 0.67466
0.303898 -0.073473 0.167917 0 0.6 0.67466 -0.299446 0.67466
0.324573 0 0.179854 0 0.5 0.67466 -0.299446 0.67466
0.175377 -0.073473 0.296439 0.083333 0.6 0.67466 -0.299446 0.67466
-0.000187 -0.073473 0.343481 0.166667 0.6 0.246943 -0.299446 0.921602
0.187313 0 0.317113 0.083333 0.5 0.246943 -0.299446 0.921602
-0.000187 0 0.367354 0.166667 0.5 0.246943 -0.299446 0.921602
0.175377 -0.073473 0.296439 0.083333 0.6 0.246943 -0.299447 0.921602
0.187313 0 0.317113 0.083333 0.5 0.246943 -0.299446 0.921602
-0.000187 -0.073473 0.343481 0.166667 0.6 0.246943 -0.299446 0.921602
-0.17575 -0.073473 0.296439 0.25 0.6 -0.246943 -0.299446 0.921602
-0.000187 0 0.367354 0.166667 0.5 -0.246943 -0.299446 0.921602
-0.187687 0 0.317113 0.25 0.5 -0.246943 -0.299446 0.921602
-0.000187 -0.073473 0.343481 0.166667 0.6 -0.246943 -0.299446 0.921602
-0.000187 0 0.367354 0.166667 0.5 -0.246943 -0.299446 0.921602
-0.17575 -0.073473 0.296439 0.25 0.6 -0.246943 -0.299446 0.921602
-0.304272 -0.073473 0.167917 0.333333 0.6 -0.67466 -0.299447 0.67466
-0.187687 0 0.317113 0.25 0.5 -0.67466 -0.299447 0.67466
-0.324946 0 0.179854 0.333333 0.5 -0.67466 -0.299446 0.67466
-0.17575 -0.073473 0.296439 0.25 0.6 -0.67466 -0.299447 0.67466
-0.187687 0 0.317113 0.25 0.5 -0.67466 -0.299447 0.67466
-0.304272 -0.073473 0.167917 0.333333 0.6 -0.67466 -0.299447 0.67466
-0.351314 -0.073473 -0.007646 0.416667 0.6 -0.921603 -0.299446 0.246943
-0.324946 0 0.179854 0.333333 0.5 -0.921603 -0.299446 0.246943
-0.375187 0 -0.007646 0.416667 0.5 -0.921602 -0.299446 0.246943
-0.304272 -0.073473 0.167917 0.333333 0.6 -0.921603 -0.299446 0.246943
-0.324946 0 0.179854 0.333333 0.5 -0.921603 -0.299446 0.246943
-0.351314 -0.073473 -0.007646 0.416667 0.6 -0.921603 -0.299446 0.246943
-0.304272 -0.073473 -0.18321 0.5 0.6 -0.921603 -0.299446 -0.246943
-0.375187 0 -0.007646 0.416667 0.5 -0.921603 -0.299446 -0.246943
-0.324946 0 -0.195146 0.5 0.5 -0.921603 -0.299446 -0.246943
-0.351314 -0.073473 -0.007646 0.416667 0.6 -0.921602 -0.299447 -0.246943
-0.375187 0 -0.007646 0.416667 0.5 -0.921603 -0.299446 -0.246943
-0.304272 -0.073473 -0.18321 0.5 0.6 -0.921603 -0.299446 -0.246943
-0.17575 -0.073473 -0.311731 0.583333 0.6 -0.67466 -0.299446 -0.67466
-0.324946 0 -0.195146 0.5 0.5 -0.67466 -0.299447 -0.67466
-0.187687 0 -0.332406 0.583333 0.5 -0.67466 -0.299446 -0.67466
-0.304272 -0.073473 -0.18321 0.5 0.6 -0.67466 -0.299447 -0.67466
-0.324946 0 -0.195146 0.5 0.5 -0.67466 -0.299447 -0.67466
-0.17575 -0.073473 -0.311731 0.583333 0.6 -0.67466 -0.299446 -0.67466
-0.000187 -0.073473 -0.358773 0.666667 0.6 -0.246943 -0.299446 -0.921602
-0.187687 0 -0.332406 0.583333 0.5 -0.246943 -0.299446 -0.921602
-0.000187 0 -0.382646 0.666667 0.5 -0.246943 -0.299446 -0.921602
-0.17575 -0.073473 -0.311731 0.583333 0.6 -0.246943 -0.299446 -0.921603
-0.187687 0 -0.332406 0.583333 0.5 -0.246943 -0.299446 -0.921602
-0.000187 -0.073473 -0.358773 0.666667 0.6 -0.246943 -0.299446 -0.921602
0.175377 -0.073473 -0.311731 0.75 0.6 0.246943 -0.299447 -0.921602
-0.000187 0 -0.382646 0.666667 0.5 0.246943 -0.299446 -0.921602
0.187313 0 -0.332406 0.75 0.5 0.246943 -0.299447 -0.921602
-0.000187 -0.073473 -0.358773 0.666667 0.6 0.246943 -0.299446 -0.921602
-0.000187 0 -0.382646 0.666667 0.5 0.246943 -0.299446 -0.921602
0.175377 -0.073473 -0.311731 0.75 0.6 0.246943 -0.299447 -0.921602
0.303898 -0.073473 -0.18321 0.833333 0.6 0.67466 -0.299446 -0.67466
0.187313 0 -0.332406 0.75 0.5 0.67466 -0.299446 -0.67466
0.324573 0 -0.195146 0.833333 0.5 0.67466 -0.299446 -0.67466
0.175377 -0.073473 -0.311731 0.75 0.6 0.67466 -0.299446 -0.67466
0.187313 0 -0.332406 0.75 0.5 0.67466 -0.299446 -0.67466
0.303898 -0.073473 -0.18321 0.833333 0.6 0.67466 -0.299446 -0.67466
0.35094 -0.073473 -0.007646 0.916667 0.6 0.921602 -0.299447 -0.246943
0.324573 0 -0.195146 0.833333 0.5 0.921602 -0.299447 -0.246943
0.374813 0 -0.007646 0.916667 0.5 0.921602 -0.299447 -0.246943
0.303898 -0.073473 -0.18321 0.833333 0.6 0.921602 -0.299447 -0.246943
0.324573 0 -0.195146 0.833333 0.5 0.921602 -0.299447 -0.246943
0.35094 -0.073473 -0.007646 0.916667 0.6 0.921602 -0.299447 -0.246943
0.303898 -0.073473 0.167917 1 0.6 0.921602 -0.299447 0.246943
0.374813 0 -0.007646 0.916667 0.5 0.921602 -0.299447 0.246943
0.324573 0 0.179854 1 0.5 0.921602 -0.299447 0.246943
0.35094 -0.073473 -0.007646 0.916667 0.6 0.921602 -0.299447 0.246943
0.374813 0 -0.007646 0.916667 0.5 0.921602 -0.299447 0.246943
0.303898 -0.073473 0.167917 1 0.6 0.921602 -0.299447 0.246943
0.144127 -0.118882 0.242312 0.083333 0.7 0.425049 -0.799166 0.425049
0.303898 -0.073473 0.167917 0 0.6 0.425049 -0.799166 0.425049
0.175377 -0.073473 0.296439 0.083333 0.6 0.425049 -0.799166 0.425049
0.249772 -0.118882 0.136667 0 0.7 0.425049 -0.799166 0.425049
0.303898 -0.073473 0.167917 0 0.6 0.425049 -0.799166 0.425049
0.144127 -0.118882 0.242312 0.083333 0.7 0.425049 -0.799166 0.425049
-0.000187 -0.118882 0.280981 0.166667 0.7 0.155579 -0.799166 0.580628
0.175377 -0.073473 0.296439 0.083333 0.6 0.155579 -0.799166 0.580628
-0.000187 -0.073473 0.343481 0.166667 0.6 0.155579 -0.799166 0.580628
0.144127 -0.118882 0.242312 0.083333 0.7 0.155579 -0.799166 0.580628
0.175377 -0.073473 0.296439 0.083333 0.6 0.155579 -0.799166 0.580628
-0.000187 -0.118882 0.280981 0.166667 0.7 0.155579 -0.799166 0.580628
-0.1445 -0.118882 0.242312 0.25 0.7 -0.155579 -0.799166 0.580628
-0.000187 -0.073473 0.343481 0.166667 0.6 -0.155579 -0.799166 0.580628
-0.17575 -0.073473 0.296439 0.25 0.6 -0.155579 -0.799166 0.580628
-0.000187 -0.118882 0.280981 0.166667 0.7 -0.155579 -0.799166 0.580628
-0.000187 -0.073473 0.343481 0.166667 0.6 -0.155579 -0.799166 0.580628
-0.1445 -0.118882 0.242312 0.25 0.7 -0.155579 -0.799166 0.580628
-0.250145 -0.118882 0.136667 0.333333 0.7 -0.42505 -0.799166 0.425049
-0.17575 -0.073473 0.296439 0.25 0.6 -0.42505 -0.799166 0.425049
-0.304272 -0.073473 0.167917 0.333333 0.6 -0.42505 -0.799166 0.425049
-0.1445 -0.118882 0.242312 0.25 0.7 -0.425049 -0.799166 0.425049
-0.17575 -0.073473 0.296439 0.25 0.6 -0.42505 -0.799166 0.425049
-0.250145 -0.118882 0.136667 0.333333 0.7 -0.42505 -0.799166 0.425049
-0.288814 -0.118882 -0.007646 0.416667 0.7 -0.580628 -0.799166 0.155579
-0.304272 -0.073473 0.167917 0.333333 0.6 -0.580628 -0.799166 0.155579
-0.351314 -0.073473 -0.007646 0.416667 0.6 -0.580628 -0.799166 0.155579
-0.250145 -0.118882 0.136667 0.333333 0.7 -0.580628 -0.799166 0.155579
-0.304272 -0.073473 0.167917 0.333333 0.6 -0.580628 -0.799166 0.155579
-0.288814 -0.118882 -0.007646 0.416667 0.7 -0.580628 -0.799166 0.155579
-0.250145 -0.118882 -0.15196 0.5 0.7 -0.580628 -0.799166 -0.155579
-0.351314 -0.073473 -0.007646 0.416667 0.6 -0.580628 -0.799166 -0.155579
-0.304272 -0.073473 -0.18321 0.5 0.6 -0.580628 -0.799166 -0.155579
-0.288814 -0.118882 -0.007646 0.416667 0.7 -0.580628 -0.799166 -0.155579
-0.351314 -0.073473 -0.007646 0.416667 0.6 -0.580628 -0.799166 -0.155579
-0.250145 -0.118882 -0.15196 0.5 0.7 -0.580628 -0.799166 -0.155579
-0.1445 -0.118882 -0.257605 0.583333 0.7 -0.42505 -0.799166 -0.425049
-0.304272 -0.073473 -0.18321 0.5 0.6 -0.425049 -0.799166 -0.425049
-0.17575 -0.073473 -0.311731 0.583333 0.6 -0.42505 -0.799166 -0.425049
-0.250145 -0.118882 -0.15196 0.5 0.7 -0.425049 -0.799166 -0.425049
-0.304272 -0.073473 -0.18321 0.5 0.6 -0.425049 -0.799166 -0.425049
-0.1445 -0.118882 -0.257605 0.583333 0.7 -0.42505 -0.799166 -0.425049
-0.000187 -0.118882 -0.296273 0.666667 0.7 -0.155579 -0.799166 -0.580628
-0.17575 -0.073473 -0.311731 0.583333 0.6 -0.155579 -0.799166 -0.580628
-0.000187 -0.073473 -0.358773 0.666667 0.6 -0.155579 -0.799166 -0.580628
-0.1445 -0.118882 -0.257605 0.583333 0.7 -0.155579 -0.799166 -0.580628
-0.17575 -0.073473 -0.311731 0.583333 0.6 -0.155579 -0.799166 -0.580628
-0.000187 -0.118882 -0.296273 0.666667 0.7 -0.155579 -0.799166 -0.580628
0.144127 -0.118882 -0.257605 0.75 0.7 0.155579 -0.799166 -0.580628
-0.000187 -0.073473 -0.358773 0.666667 0.6 0.155579 -0.799166 -0.580628
0.175377 -0.073473 -0.311731 0.75 0.6 0.155579 -0.799166 -0.580628
-0.000187 -0.118882 -0.296273 0.666667 0.7 0.155579 -0.799166 -0.580628
-0.000187 -0.073473 -0.358773 0.666667 0.6 0.155579 -0.799166 -0.580628
0.144127 -0.118882 -0.257605 0.75 0.7 0.155579 -0.799166 -0.580628
0.249772 -0.118882 -0.15196 0.833333 0.7 0.425049 -0.799166 -0.425049
0.175377 -0.073473 -0.311731 0.75 0.6 0.425049 -0.799166 -0.425049
0.303898 -0.073473 -0.18321 0.833333 0.6 0.425049 -0.799166 -0.425049
0.144127 -0.118882 -0.257605 0.75 0.7 0.42505 -0.799166 -0.425049
0.175377 -0.073473 -0.311731 0.75 0.6 0.425049 -0.799166 -0.425049
0.249772 -0.118882 -0.15196 0.833333 0.7 0.425049 -0.799166 -0.425049
0.28844 -0.118882 -0.007646 0.916667 0.7 0.580628 -0.799166 -0.155579
0.303898 -0.073473 -0.18321 0.833333 0.6 0.580628 -0.799166 -0.155579
0.35094 -0.073473 -0.007646 0.916667 0.6 0.580628 -0.799166 -0.155579
0.249772 -0.118882 -0.15196 0.833333 0.7 0.580628 -0.799166 -0.155579
0.303898 -0.073473 -0.18321 0.833333 0.6 0.580628 -0.799166 -0.155579
0.28844 -0.118882 -0.007646 0.916667 0.7 0.580628 -0.799166 -0.155579
0.249772 -0.118882 0.136667 1 0.7 0.580628 -0.799166 0.155579
0.35094 -0.073473 -0.007646 0.916667 0.6 0.580628 -0.799166 0.155579
0.303898 -0.073473 0.167917 1 0.6 0.580628 -0.799166 0.155579
0.28844 -0.118882 -0.007646 0.916667 0.7 0.580628 -0.799166 0.155579
0.35094 -0.073473 -0.007646 0.916667 0.6 0.580628 -0.799166 0.155579
0.249772 -0.118882 0.136667 1 0.7 0.580628 -0.799166 0.155579
0.1055 -0.118882 0.175408 0.083333 0.8 0 -1 0
0.249772 -0.118882 0.136667 0 0.7 0 -1 0
0.144127 -0.118882 0.242312 0.083333 0.7 0 -1 0
0.182867 -0.118882 0.09804 0 0.8 0 -1 -0
0.249772 -0.118882 0.136667 0 0.7 0 -1 0
0.1055 -0.118882 0.175408 0.083333 0.8 0 -1 0
-0.000187 -0.118882 0.203727 0.166667 0.8 0 -1 0
0.144127 -0.118882 0.242312 0.083333 0.7 0 -1 0
-0.000187 -0.118882 0.280981 0.166667 0.7 0 -1 -0
0.1055 -0.118882 0.175408 0.083333 0.8 0 -1 0
0.144127 -0.118882 0.242312 0.083333 0.7 0 -1 0
-0.000187 -0.118882 0.203727 0.166667 0.8 0 -1 0
-0.105873 -0.118882 0.175408 0.25 0.8 -0 -1 0
-0.000187 -0.118882 0.280981 0.166667 0.7 -0 -1 0
-0.1445 -0.118882 0.242312 0.25 0.7 -0 -1 0
-0.000187 -0.118882 0.203727 0.166667 0.8 -0 -1 0
-0.000187 -0.118882 0.280981 0.166667 0.7 -0 -1 0
-0.105873 -0.118882 0.175408 0.25 0.8 -0 -1 0
-0.183241 -0.118882 0.09804 0.333333 0.8 -0 -1 0
-0.1445 -0.118882 0.242312 0.25 0.7 -0 -1 0
-0.250145 -0.118882 0.136667 0.333333 0.7 -0 -1 0
-0.105873 -0.118882 0.175408 0.25 0.8 -0 -1 -0
-0.1445 -0.118882 0.242312 0.25 0.7 -0 -1 0
-0.183241 -0.118882 0.09804 0.333333 0.8 -0 -1 0
-0.21156 -0.118882 -0.007646 0.416667 0.8 -0 -1 0
-0.250145 -0.118882 0.136667 0.333333 0.7 -0 -1 0
-0.288814 -0.118882 -0.007646 0.416667 0.7 -0 -1 -0
-0.183241 -0.118882 0.09804 0.333333 0.8 -0 -1 0
-0.250145 -0.118882 0.136667 0.333333 0.7 -0 -1 0
-0.21156 -0.118882 -0.007646 0.416667 0.8 -0 -1 0
-0.183241 -0.118882 -0.113333 0.5 0.8 -0 -1 -0
-0.288814 -0.118882 -0.007646 0.416667 0.7 -0 -1 -0
-0.250145 -0.118882 -0.15196 0.5 0.7 -0 -1 -0
-0.21156 -0.118882 -0.007646 0.416667 0.8 -0 -1 -0
-0.288814 -0.118882 -0.007646 0.416667 0.7 -0 -1 -0
-0.183241 -0.118882 -0.113333 0.5 0.8 -0 -1 -0
-0.105873 -0.118882 -0.1907 0.583333 0.8 -0 -1 -0
-0.250145 -0.118882 -0.15196 0.5 0.7 -0 -1 -0
-0.1445 -0.118882 -0.257605 0.583333 0.7 -0 -1 -0
-0.183241 -0.118882 -0.113333 0.5 0.8 -0 -1 -0
-0.250145 -0.118882 -0.15196 0.5 0.7 -0 -1 -0
-0.105873 -0.118882 -0.1907 0.583333 0.8 -0 -1 -0
-0.000187 -0.118882 -0.219019 0.666667 0.8 -0 -1 -0
-0.1445 -0.118882 -0.257605 0.583333 0.7 -0 -1 -0
-0.000187 -0.118882 -0.296273 0.666667 0.7 -0 -1 -0
-0.105873 -0.118882 -0.1907 0.583333 0.8 -0 -1 -1e-006
-0.1445 -0.118882 -0.257605 0.583333 0.7 -0 -1 -0
-0.000187 -0.118882 -0.219019 0.666667 0.8 -0 -1 -0
0.1055 -0.118882 -0.1907 0.75 0.8 0 -1 -0
-0.000187 -0.118882 -0.296273 0.666667 0.7 0 -1 -0
0.144127 -0.118882 -0.257605 0.75 0.7 0 -1 -0
-0.000187 -0.118882 -0.219019 0.666667 0.8 0 -1 -0
-0.000187 -0.118882 -0.296273 0.666667 0.7 0 -1 -0
0.1055 -0.118882 -0.1907 0.75 0.8 0 -1 -0
0.182867 -0.118882 -0.113333 0.833333 0.8 0 -1 -0
0.144127 -0.118882 -0.257605 0.75 0.7 0 -1 -0
0.249772 -0.118882 -0.15196 0.833333 0.7 0 -1 -0
0.1055 -0.118882 -0.1907 0.75 0.8 0 -1 -0
0.144127 -0.118882 -0.257605 0.75 0.7 0 -1 -0
0.182867 -0.118882 -0.113333 0.833333 0.8 0 -1 -0
0.211186 -0.118882 -0.007646 0.916667 0.8 0 -1 -0
0.249772 -0.118882 -0.15196 0.833333 0.7 0 -1 -0
0.28844 -0.118882 -0.007646 0.916667 0.7 0 -1 -0
0.182867 -0.118882 -0.113333 0.833333 0.8 0 -1 -0
0.249772 -0.118882 -0.15196 0.833333 0.7 0 -1 -0
0.211186 -0.118882 -0.007646 0.916667 0.8 0 -1 -0
0.182867 -0.118882 0.09804 1 0.8 0 -1 0
0.28844 -0.118882 -0.007646 0.916667 0.7 0 -1 0
0.249772 -0.118882 0.136667 1 0.7 0 -1 -0
0.211186 -0.118882 -0.007646 0.916667 0.8 0 -1 0
0.28844 -0.118882 -0.007646 0.916667 0.7 0 -1 0
0.182867 -0.118882 0.09804 1 0.8 0 -1 0
0.07425 -0.073473 0.121281 0.083333 0.9 -0.425049 -0.799166 -0.425049
0.182867 -0.118882 0.09804 0 0.8 -0.425049 -0.799166 -0.425049
0.1055 -0.118882 0.175408 0.083333 0.8 -0.425049 -0.799166 -0.425049
0.128741 -0.073473 0.06679 0 0.9 -0.425049 -0.799166 -0.425049
0.182867 -0.118882 0.09804 0 0.8 -0.425049 -0.799166 -0.425049
0.07425 -0.073473 0.121281 0.083333 0.9 -0.425049 -0.799166 -0.425049
-0.000187 -0.073473 0.141227 0.166667 0.9 -0.155579 -0.799166 -0.580628
0.1055 -0.118882 0.175408 0.083333 0.8 -0.155579 -0.799166 -0.580628
-0.000187 -0.118882 0.203727 0.166667 0.8 -0.155579 -0.799166 -0.580628
0.07425 -0.073473 0.121281 0.083333 0.9 -0.155579 -0.799166 -0.580628
0.1055 -0.118882 0.175408 0.083333 0.8 -0.155579 -0.799166 -0.580628
-0.000187 -0.073473 0.141227 0.166667 0.9 -0.155579 -0.799166 -0.580628
-0.074623 -0.073473 0.121281 0.25 0.9 0.155579 -0.799166 -0.580628
-0.000187 -0.118882 0.203727 0.166667 0.8 0.155579 -0.799166 -0.580628
-0.105873 -0.118882 0.175408 0.25 0.8 0.155579 -0.799166 -0.580628
-0.000187 -0.073473 0.141227 0.166667 0.9 0.155579 -0.799166 -0.580628
-0.000187 -0.118882 0.203727 0.166667 0.8 0.155579 -0.799166 -0.580628
-0.074623 -0.073473 0.121281 0.25 0.9 0.155579 -0.799166 -0.580628
-0.129115 -0.073473 0.06679 0.333333 0.9 0.425049 -0.799166 -0.425049
-0.105873 -0.118882 0.175408 0.25 0.8 0.425049 -0.799166 -0.425049
-0.183241 -0.118882 0.09804 0.333333 0.8 0.425049 -0.799166 -0.425049
-0.074623 -0.073473 0.121281 0.25 0.9 0.425049 -0.799166 -0.425049
-0.105873 -0.118882 0.175408 0.25 0.8 0.425049 -0.799166 -0.425049
-0.129115 -0.073473 0.06679 0.333333 0.9 0.425049 -0.799166 -0.425049
-0.14906 -0.073473 -0.007646 0.416667 0.9 0.580628 -0.799166 -0.155579
-0.183241 -0.118882 0.09804 0.333333 0.8 0.580628 -0.799166 -0.155579
-0.21156 -0.118882 -0.007646 0.416667 0.8 0.580628 -0.799166 -0.155579
-0.129115 -0.073473 0.06679 0.333333 0.9 0.580628 -0.799166 -0.155579
-0.183241 -0.118882 0.09804 0.333333 0.8 0.580628 -0.799166 -0.155579
-0.14906 -0.073473 -0.007646 0.416667 0.9 0.580628 -0.799166 -0.155579
-0.129115 -0.073473 -0.082083 0.5 0.9 0.580628 -0.799166 0.155579
-0.21156 -0.118882 -0.007646 0.416667 0.8 0.580628 -0.799166 0.155579
-0.183241 -0.118882 -0.113333 0.5 0.8 0.580628 -0.799166 0.155579
-0.14906 -0.073473 -0.007646 0.416667 0.9 0.580628 -0.799166 0.155579
-0.21156 -0.118882 -0.007646 0.416667 0.8 0.580628 -0.799166 0.155579
-0.129115 -0.073473 -0.082083 0.5 0.9 0.580628 -0.799166 0.155579
-0.074623 -0.073473 -0.136574 0.583333 0.9 0.425049 -0.799166 0.425049
-0.183241 -0.118882 -0.113333 0.5 0.8 0.425049 -0.799166 0.425049
-0.105873 -0.118882 -0.1907 0.583333 0.8 0.425049 -0.799166 0.425049
-0.129115 -0.073473 -0.082083 0.5 0.9 0.425049 -0.799166 0.425049
-0.183241 -0.118882 -0.113333 0.5 0.8 0.425049 -0.799166 0.425049
-0.074623 -0.073473 -0.136574 0.583333 0.9 0.425049 -0.799166 0.425049
-0.000187 -0.073473 -0.156519 0.666667 0.9 0.155579 -0.799166 0.580628
-0.105873 -0.118882 -0.1907 0.583333 0.8 0.155579 -0.799166 0.580628
-0.000187 -0.118882 -0.219019 0.666667 0.8 0.155579 -0.799166 0.580628
-0.074623 -0.073473 -0.136574 0.583333 0.9 0.155579 -0.799166 0.580628
-0.105873 -0.118882 -0.1907 0.583333 0.8 0.155579 -0.799166 0.580628
-0.000187 -0.073473 -0.156519 0.666667 0.9 0.155579 -0.799166 0.580628
0.07425 -0.073473 -0.136574 0.75 0.9 -0.155579 -0.799166 0.580628
-0.000187 -0.118882 -0.219019 0.666667 0.8 -0.155579 -0.799166 0.580628
0.1055 -0.118882 -0.1907 0.75 0.8 -0.155579 -0.799166 0.580628
-0.000187 -0.073473 -0.156519 0.666667 0.9 -0.155579 -0.799166 0.580628
-0.000187 -0.118882 -0.219019 0.666667 0.8 -0.155579 -0.799166 0.580628
0.07425 -0.073473 -0.136574 0.75 0.9 -0.155579 -0.799166 0.580628
0.128741 -0.073473 -0.082083 0.833333 0.9 -0.425049 -0.799166 0.425049
0.1055 -0.118882 -0.1907 0.75 0.8 -0.425049 -0.799166 0.425049
0.182867 -0.118882 -0.113333 0.833333 0.8 -0.425049 -0.799166 0.425049
0.07425 -0.073473 -0.136574 0.75 0.9 -0.425049 -0.799166 0.425049
0.1055 -0.118882 -0.1907 0.75 0.8 -0.425049 -0.799166 0.425049
0.128741 -0.073473 -0.082083 0.833333 0.9 -0.425049 -0.799166 0.425049
0.148686 -0.073473 -0.007646 0.916667 0.9 -0.580628 -0.799166 0.155579
0.182867 -0.118882 -0.113333 0.833333 0.8 -0.580628 -0.799166 0.155579
0.211186 -0.118882 -0.007646 0.916667 0.8 -0.580628 -0.799166 0.155579
0.128741 -0.073473 -0.082083 0.833333 0.9 -0.580628 -0.799166 0.155579
0.182867 -0.118882 -0.113333 0.833333 0.8 -0.580628 -0.799166 0.155579
0.148686 -0.073473 -0.007646 0.916667 0.9 -0.580628 -0.799166 0.155579
0.128741 -0.073473 0.06679 1 0.9 -0.580628 -0.799166 -0.155579
0.211186 -0.118882 -0.007646 0.916667 0.8 -0.580628 -0.799166 -0.155579
0.182867 -0.118882 0.09804 1 0.8 -0.580628 -0.799166 -0.155579
0.148686 -0.073473 -0.007646 0.916667 0.9 -0.580628 -0.799166 -0.155579
0.211186 -0.118882 -0.007646 0.916667 0.8 -0.580628 -0.799166 -0.155579
0.128741 -0.073473 0.06679 1 0.9 -0.580628 -0.799166 -0.155579
0.062313 0 0.100607 0.083333 1 -0.67466 -0.299447 -0.67466
0.128741 -0.073473 0.06679 0 0.9 -0.67466 -0.299447 -0.67466
0.07425 -0.073473 0.121281 0.083333 0.9 -0.67466 -0.299447 -0.67466
0.108066 0 0.054854 0 1 -0.67466 -0.299447 -0.67466
0.128741 -0.073473 0.06679 0 0.9 -0.67466 -0.299447 -0.67466
0.062313 0 0.100607 0.083333 1 -0.67466 -0.299447 -0.67466
-0.000187 0 0.117354 0.166667 1 -0.246943 -0.299447 -0.921602
0.07425 -0.073473 0.121281 0.083333 0.9 -0.246943 -0.299447 -0.921602
-0.000187 -0.073473 0.141227 0.166667 0.9 -0.246943 -0.299447 -0.921602
0.062313 0 0.100607 0.083333 1 -0.246943 -0.299447 -0.921602
0.07425 -0.073473 0.121281 0.083333 0.9 -0.246943 -0.299447 -0.921602
-0.000187 0 0.117354 0.166667 1 -0.246943 -0.299447 -0.921602
-0.062687 0 0.100607 0.25 1 0.246943 -0.299447 -0.921602
-0.000187 -0.073473 0.141227 0.166667 0.9 0.246943 -0.299447 -0.921602
-0.074623 -0.073473 0.121281 0.25 0.9 0.246943 -0.299447 -0.921603
-0.000187 0 0.117354 0.166667 1 0.246943 -0.299447 -0.921602
-0.000187 -0.073473 0.141227 0.166667 0.9 0.246943 -0.299447 -0.921602
-0.062687 0 0.100607 0.25 1 0.246943 -0.299447 -0.921602
-0.10844 0 0.054854 0.333333 1 0.67466 -0.299447 -0.67466
-0.074623 -0.073473 0.121281 0.25 0.9 0.67466 -0.299447 -0.67466
-0.129115 -0.073473 0.06679 0.333333 0.9 0.67466 -0.299447 -0.67466
-0.062687 0 0.100607 0.25 1 0.67466 -0.299447 -0.67466
-0.074623 -0.073473 0.121281 0.25 0.9 0.67466 -0.299447 -0.67466
-0.10844 0 0.054854 0.333333 1 0.67466 -0.299447 -0.67466
-0.125187 0 -0.007646 0.416667 1 0.921602 -0.299447 -0.246943
-0.129115 -0.073473 0.06679 0.333333 0.9 0.921602 -0.299447 -0.246943
-0.14906 -0.073473 -0.007646 0.416667 0.9 0.921603 -0.299446 -0.246943
-0.10844 0 0.054854 0.333333 1 0.921602 -0.299447 -0.246943
-0.129115 -0.073473 0.06679 0.333333 0.9 0.921602 -0.299447 -0.246943
-0.125187 0 -0.007646 0.416667 1 0.921602 -0.299447 -0.246943
-0.10844 0 -0.070146 0.5 1 0.921603 -0.299447 0.246943
-0.14906 -0.073473 -0.007646 0.416667 0.9 0.921602 -0.299447 0.246943
-0.129115 -0.073473 -0.082083 0.5 0.9 0.921603 -0.299446 0.246943
-0.125187 0 -0.007646 0.416667 1 0.921602 -0.299447 0.246943
-0.14906 -0.073473 -0.007646 0.416667 0.9 0.921602 -0.299447 0.246943
-0.10844 0 -0.070146 0.5 1 0.921603 -0.299447 0.246943
-0.062687 0 -0.115899 0.583333 1 0.67466 -0.299447 0.67466
-0.129115 -0.073473 -0.082083 0.5 0.9 0.67466 -0.299447 0.67466
-0.074623 -0.073473 -0.136574 0.583333 0.9 0.67466 -0.299446 0.67466
-0.10844 0 -0.070146 0.5 1 0.67466 -0.299447 0.67466
-0.129115 -0.073473 -0.082083 0.5 0.9 0.67466 -0.299447 0.67466
-0.062687 0 -0.115899 0.583333 1 0.67466 -0.299447 0.67466
-0.000187 0 -0.132646 0.666667 1 0.246943 -0.299447 0.921603
-0.074623 -0.073473 -0.136574 0.583333 0.9 0.246943 -0.299447 0.921603
-0.000187 -0.073473 -0.156519 0.666667 0.9 0.246943 -0.299447 0.921603
-0.062687 0 -0.115899 0.583333 1 0.246943 -0.299446 0.921603
-0.074623 -0.073473 -0.136574 0.583333 0.9 0.246943 -0.299447 0.921603
-0.000187 0 -0.132646 0.666667 1 0.246943 -0.299447 0.921603
0.062313 0 -0.115899 0.75 1 -0.246943 -0.299447 0.921602
-0.000187 -0.073473 -0.156519 0.666667 0.9 -0.246943 -0.299447 0.921603
0.07425 -0.073473 -0.136574 0.75 0.9 -0.246943 -0.299446 0.921603
-0.000187 0 -0.132646 0.666667 1 -0.246943 -0.299447 0.921602
-0.000187 -0.073473 -0.156519 0.666667 0.9 -0.246943 -0.299447 0.921603
0.062313 0 -0.115899 0.75 1 -0.246943 -0.299447 0.921602
0.108066 0 -0.070146 0.833333 1 -0.67466 -0.299447 0.67466
0.07425 -0.073473 -0.136574 0.75 0.9 -0.67466 -0.299447 0.67466
0.128741 -0.073473 -0.082083 0.833333 0.9 -0.67466 -0.299447 0.67466
0.062313 0 -0.115899 0.75 1 -0.67466 -0.299447 0.67466
0.07425 -0.073473 -0.136574 0.75 0.9 -0.67466 -0.299447 0.67466
0.108066 0 -0.070146 0.833333 1 -0.67466 -0.299447 0.67466
0.124813 0 -0.007646 0.916667 1 -0.921602 -0.299446 0.246943
0.128741 -0.073473 -0.082083 0.833333 0.9 -0.921603 -0.299446 0.246943
0.148686 -0.073473 -0.007646 0.916667 0.9 -0.921603 -0.299446 0.246943
0.108066 0 -0.070146 0.833333 1 -0.921602 -0.299446 0.246943
0.128741 -0.073473 -0.082083 0.833333 0.9 -0.921603 -0.299446 0.246943
0.124813 0 -0.007646 0.916667 1 -0.921602 -0.299446 0.246943
0.108066 0 0.054854 1 1 -0.921602 -0.299447 -0.246943
0.148686 -0.073473 -0.007646 0.916667 0.9 -0.921602 -0.299447 -0.246943
0.128741 -0.073473 0.06679 1 0.9 -0.921603 -0.299446 -0.246943
0.124813 0 -0.007646 0.916667 1 -0.921602 -0.299447 -0.246943
0.148686 -0.073473 -0.007646 0.916667 0.9 -0.921602 -0.299447 -0.246943
0.108066 0 0.054854 1 1 -0.921602 -0.299447 -0.246943
