Vertex Count: 720

Data:

0.273873 0.146946 0.474362 0.083333 0.1 -0.67466 0.299447 -0.67466
0.433013 0 0.25 0 0 -0.67466 0.299447 -0.67466
0.25 0 0.433013 0.083333 0 -0.67466 0.299447 -0.67466
0.474362 0.146946 0.273873 0 0.1 -0.67466 0.299447 -0.67466
0.433013 0 0.25 0 0 -0.67466 0.299447 -0.67466
0.273873 0.146946 0.474362 0.083333 0.1 -0.67466 0.299447 -0.67466
0 0.146946 0.547746 0.166667 0.1 -0.246942 0.299447 -0.921602
0.25 0 0.433013 0.083333 0 -0.246943 0.299447 -0.921602
0 0 0.5 0.166667 0 -0.246942 0.299447 -0.921602
0.273873 0.146946 0.474362 0.083333 0.1 -0.246943 0.299447 -0.921602
0.25 0 0.433013 0.083333 0 -0.246943 0.299447 -0.921602
0 0.146946 0.547746 0.166667 0.1 -0.246942 0.299447 -0.921602
-0.273873 0.146946 0.474362 0.25 0.1 0.246943 0.299447 -0.921602
0 0 0.5 0.166667 0 0.246942 0.299447 -0.921602
-0.25 0 0.433013 0.25 0 0.246943 0.299447 -0.921602
0 0.146946 0.547746 0.166667 0.1 0.246942 0.299447 -0.921603
0 0 0.5 0.166667 0 0.246942 0.299447 -0.921602
-0.273873 0.146946 0.474362 0.25 0.1 0.246943 0.299447 -0.921602
-0.474362 0.146946 0.273873 0.333333 0.1 0.67466 0.299447 -0.67466
-0.25 0 0.433013 0.25 0 0.67466 0.299447 -0.67466
-0.433013 0 0.25 0.333333 0 0.67466 0.299447 -0.67466
-0.273873 0.146946 0.474362 0.25 0.1 0.67466 0.299447 -0.67466
-0.25 0 0.433013 0.25 0 0.67466 0.299447 -0.67466
-0.474362 0.146946 0.273873 0.333333 0.1 0.67466 0.299447 -0.67466
-0.547746 0.146946 -0 0.416667 0.1 0.921602 0.299447 -0.246943
-0.433013 0 0.25 0.333333 0 0.921602 0.299447 -0.246943
-0.5 0 -0 0.416667 0 0.921603 0.299446 -0.246943
-0.474362 0.146946 0.273873 0.333333 0.1 0.921602 0.299447 -0.246943
-0.433013 0 0.25 0.333333 0 0.921602 0.299447 -0.246943
-0.547746 0.146946 -0 0.416667 0.1 0.921602 0.299447 -0.246943
-0.474362 0.146946 -0.273873 0.5 0.1 0.921602 0.299447 0.246943
-0.5 0 -0 0.416667 0 0.921602 0.299447 0.246943
-0.433013 0 -0.25 0.5 0 0.921602 0.299447 0.246943
-0.547746 0.146946 -0 0.416667 0.1 0.921603 0.299446 0.246943
-0.5 0 -0 0.416667 0 0.921602 0.299447 0.246943
-0.474362 0.146946 -0.273873 0.5 0.1 0.921602 0.299447 0.246943
-0.273873 0.146946 -0.474362 0.583333 0.1 0.67466 0.299447 0.67466
-0.433013 0 -0.25 0.5 0 0.67466 0.299447 0.67466
-0.25 0 -0.433013 0.583333 0 0.67466 0.299447 0.67466
-0.474362 0.146946 -0.273873 0.5 0.1 0.67466 0.299447 0.67466
-0.433013 0 -0.25 0.5 0 0.67466 0.299447 0.67466
-0.273873 0.146946 -0.474362 0.583333 0.1 0.67466 0.299447 0.67466
0 0.146946 -0.547746 0.666667 0.1 0.246942 0.299447 0.921602
-0.25 0 -0.433013 0.583333 0 0.246943 0.299447 0.921602
0 0 -0.5 0.666667 0 0.246942 0.299447 0.921602
-0.273873 0.146946 -0.474362 0.583333 0.1 0.246943 0.299447 0.921602
-0.25 0 -0.433013 0.583333 0 0.246943 0.299447 0.921602
0 0.146946 -0.547746 0.666667 0.1 0.246942 0.299447 0.921602
0.273873 0.146946 -0.474362 0.75 0.1 -0.246943 0.299447 0.921602
0 0 -0.5 0.666667 0 -0.246942 0.299447 0.921602
0.25 0 -0.433013 0.75 0 -0.246943 0.299447 0.921602
0 0.146946 -0.547746 0.666667 0.1 -0.246942 0.299447 0.921603
0 0 -0.5 0.666667 0 -0.246942 0.299447 0.921602
0.273873 0.146946 -0.474362 0.75 0.1 -0.246943 0.299447 0.921602
0.474362 0.146946 -0.273873 0.833333 0.1 -0.67466 0.299447 0.67466
0.25 0 -0.433013 0.75 0 -0.67466 0.299447 0.67466
0.433013 0 -0.25 0.833333 0 -0.67466 0.299447 0.67466
0.273873 0.146946 -0.474362 0.75 0.1 -0.67466 0.299447 0.67466
0.25 0 -0.433013 0.75 0 -0.67466 0.299447 0.67466
0.474362 0.146946 -0.273873 0.833333 0.1 -0.67466 0.299447 0.67466
0.547746 0.146946 -0 0.916667 0.1 -0.921602 0.299447 0.246943
0.433013 0 -0.25 0.833333 0 -0.921602 0.299447 0.246943
0.5 0 -0 0.916667 0 -0.921603 0.299446 0.246943
0.474362 0.146946 -0.273873 0.833333 0.1 -0.921602 0.299447 0.246943
0.433013 0 -0.25 0.833333 0 -0.921602 0.299447 0.246943
0.547746 0.146946 -0 0.916667 0.1 -0.921602 0.299447 0.246943
0.474362 0.146946 0.273873 1 0.1 -0.921602 0.299447 -0.246943
0.5 0 -0 0.916667 0 -0.921602 0.299447 -0.246943
0.433013 0 0.25 1 0 -0.921602 0.299447 -0.246943
0.547746 0.146946 -0 0.916667 0.1 -0.921603 0.299446 -0.246943
0.5 0 -0 0.916667 0 -0.921602 0.299447 -0.246943
0.474362 0.146946 0.273873 1 0.1 -0.921602 0.299447 -0.246943
0.336373 0.237764 0.582615 0.083333 0.2 -0.425049 0.799166 -0.425049
0.474362 0.146946 0.273873 0 0.1 -0.425049 0.799166 -0.425049
0.273873 0.146946 0.474362 0.083333 0.1 -0.425049 0.799166 -0.425049
0.582615 0.237764 0.336373 0 0.2 -0.425049 0.799166 -0.425049
0.474362 0.146946 0.273873 0 0.1 -0.425049 0.799166 -0.425049
0.336373 0.237764 0.582615 0.083333 0.2 -0.425049 0.799166 -0.425049
0 0.237764 0.672746 0.166667 0.2 -0.155579 0.799166 -0.580628
0.273873 0.146946 0.474362 0.083333 0.1 -0.155579 0.799166 -0.580628
0 0.146946 0.547746 0.166667 0.1 -0.155579 0.799166 -0.580628
0.336373 0.237764 0.582615 0.083333 0.2 -0.155579 0.799166 -0.580628
0.273873 0.146946 0.474362 0.083333 0.1 -0.155579 0.799166 -0.580628
0 0.237764 0.672746 0.166667 0.2 -0.155579 0.799166 -0.580628
-0.336373 0.237764 0.582615 0.25 0.2 0.155579 0.799166 -0.580628
0 0.146946 0.547746 0.166667 0.1 0.155579 0.799166 -0.580628
-0.273873 0.146946 0.474362 0.25 0.1 0.155579 0.799166 -0.580628
0 0.237764 0.672746 0.166667 0.2 0.155579 0.799166 -0.580628
0 0.146946 0.547746 0.166667 0.1 0.155579 0.799166 -0.580628
-0.336373 0.237764 0.582615 0.25 0.2 0.155579 0.799166 -0.580628
-0.582615 0.237764 0.336373 0.333333 0.2 0.425049 0.799166 -0.425049
-0.273873 0.146946 0.474362 0.25 0.1 0.425049 0.799166 -0.425049
-0.474362 0.146946 0.273873 0.333333 0.1 0.425049 0.799166 -0.425049
-0.336373 0.237764 0.582615 0.25 0.2 0.425049 0.799166 -0.425049
-0.273873 0.146946 0.474362 0.25 0.1 0.425049 0.799166 -0.425049
-0.582615 0.237764 0.336373 0.333333 0.2 0.425049 0.799166 -0.425049
-0.672746 0.237764 -0 0.416667 0.2 0.580628 0.799166 -0.155579
-0.474362 0.146946 0.273873 0.333333 0.1 0.580628 0.799166 -0.155579
-0.547746 0.146946 -0 0.416667 0.1 0.580628 0.799166 -0.155579
-0.582615 0.237764 0.336373 0.333333 0.2 0.580628 0.799166 -0.155579
-0.474362 0.146946 0.273873 0.333333 0.1 0.580628 0.799166 -0.155579
-0.672746 0.237764 -0 0.416667 0.2 0.580628 0.799166 -0.155579
-0.582615 0.237764 -0.336373 0.5 0.2 0.580628 0.799166 0.155579
-0.547746 0.146946 -0 0.416667 0.1 0.580628 0.799166 0.155579
-0.474362 0.146946 -0.273873 0.5 0.1 0.580629 0.799166 0.155579
-0.672746 0.237764 -0 0.416667 0.2 0.580628 0.799166 0.155579
-0.547746 0.146946 -0 0.416667 0.1 0.580628 0.799166 0.155579
-0.582615 0.237764 -0.336373 0.5 0.2 0.580628 0.799166 0.155579
-0.336373 0.237764 -0.582615 0.583333 0.2 0.425049 0.799166 0.425049
-0.474362 0.146946 -0.273873 0.5 0.1 0.425049 0.799166 0.425049
-0.273873 0.146946 -0.474362 0.583333 0.1 0.425049 0.799166 0.425049
-0.582615 0.237764 -0.336373 0.5 0.2 0.425049 0.799166 0.425049
-0.474362 0.146946 -0.273873 0.5 0.1 0.425049 0.799166 0.425049
-0.336373 0.237764 -0.582615 0.583333 0.2 0.425049 0.799166 0.425049
0 0.237764 -0.672746 0.666667 0.2 0.155579 0.799166 0.580628
-0.273873 0.146946 -0.474362 0.583333 0.1 0.155579 0.799166 0.580628
0 0.146946 -0.547746 0.666667 0.1 0.155579 0.799166 0.580628
-0.336373 0.237764 -0.582615 0.583333 0.2 0.155579 0.799166 0.580628
-0.273873 0.146946 -0.474362 0.583333 0.1 0.155579 0.799166 0.580628
0 0.237764 -0.672746 0.666667 0.2 0.155579 0.799166 0.580628
0.336373 0.237764 -0.582615 0.75 0.2 -0.155579 0.799166 0.580628
0 0.146946 -0.547746 0.666667 0.1 -0.155579 0.799166 0.580628
0.273873 0.146946 -0.474362 0.75 0.1 -0.155579 0.799166 0.580628
0 0.237764 -0.672746 0.666667 0.2 -0.155579 0.799166 0.580628
0 0.146946 -0.547746 0.666667 0.1 -0.155579 0.799166 0.580628
0.336373 0.237764 -0.582615 0.75 0.2 -0.155579 0.799166 0.580628
0.582615 0.237764 -0.336373 0.833333 0.2 -0.425049 0.799166 0.425049
0.273873 0.146946 -0.474362 0.75 0.1 -0.425049 0.799166 0.425049
0.474362 0.146946 -0.273873 0.833333 0.1 -0.425049 0.799166 0.425049
0.336373 0.237764 -0.582615 0.75 0.2 -0.425049 0.799166 0.425049
0.273873 0.146946 -0.474362 0.75 0.1 -0.425049 0.799166 0.425049
0.582615 0.237764 -0.336373 0.833333 0.2 -0.425049 0.799166 0.425049
0.672746 0.237764 -0 0.916667 0.2 -0.580628 0.799166 0.155579
0.474362 0.146946 -0.273873 0.833333 0.1 -0.580628 0.799166 0.155579
0.547746 0.146946 -0 0.916667 0.1 -0.580628 0.799166 0.155579
0.582615 0.237764 -0.336373 0.833333 0.2 -0.580628 0.799166 0.155579
0.474362 0.146946 -0.273873 0.833333 0.1 -0.580628 0.799166 0.155579
0.672746 0.237764 -0 0.916667 0.2 -0.580628 0.799166 0.155579
0.582615 0.237764 0.336373 1 0.2 -0.580628 0.799166 -0.155579
0.547746 0.146946 -0 0.916667 0.1 -0.580628 0.799166 -0.155579
0.474362 0.146946 0.273873 1 0.1 -0.580629 0.799166 -0.155579
0.672746 0.237764 -0 0.916667 0.2 -0.580628 0.799166 -0.155579
0.547746 0.146946 -0 0.916667 0.1 -0.580628 0.799166 -0.155579
0.582615 0.237764 0.336373 1 0.2 -0.580628 0.799166 -0.155579
0.413627 0.237764 0.716423 0.083333 0.3 -0 1 -0
0.582615 0.237764 0.336373 0 0.2 -0 1 -0
0.336373 0.237764 0.582615 0.083333 0.2 -0 1 -0
0.716423 0.237764 0.413627 0 0.3 -0 1 -0
0.582615 0.237764 0.336373 0 0.2 -0 1 -0
0.413627 0.237764 0.716423 0.083333 0.3 -0 1 -0
0 0.237764 0.827254 0.166667 0.3 -0 1 -0
0.336373 0.237764 0.582615 0.083333 0.2 -0 1 0
0 0.237764 0.672746 0.166667 0.2 -0 1 -0
0.413627 0.237764 0.716423 0.083333 0.3 -0 1 0
0.336373 0.237764 0.582615 0.083333 0.2 -0 1 0
0 0.237764 0.827254 0.166667 0.3 -0 1 -0
-0.413627 0.237764 0.716423 0.25 0.3 0 1 -0
0 0.237764 0.672746 0.166667 0.2 0 1 -0
-0.336373 0.237764 0.582615 0.25 0.2 0 1 -0
0 0.237764 0.827254 0.166667 0.3 0 1 -0
0 0.237764 0.672746 0.166667 0.2 0 1 -0
-0.413627 0.237764 0.716423 0.25 0.3 0 1 -0
-0.716423 0.237764 0.413627 0.333333 0.3 0 1 -0
-0.336373 0.237764 0.582615 0.25 0.2 0 1 -0
-0.582615 0.237764 0.336373 0.333333 0.2 0 1 -0
-0.413627 0.237764 0.716423 0.25 0.3 0 1 -0
-0.336373 0.237764 0.582615 0.25 0.2 0 1 -0
-0.716423 0.237764 0.413627 0.333333 0.3 0 1 -0
-0.827254 0.237764 -0 0.416667 0.3 0 1 -0
-0.582615 0.237764 0.336373 0.333333 0.2 0 1 -0
-0.672746 0.237764 -0 0.416667 0.2 0 1 -0
-0.716423 0.237764 0.413627 0.333333 0.3 0 1 -0
-0.582615 0.237764 0.336373 0.333333 0.2 0 1 -0
-0.827254 0.237764 -0 0.416667 0.3 0 1 -0
-0.716423 0.237764 -0.413627 0.5 0.3 0 1 0
-0.672746 0.237764 -0 0.416667 0.2 0 1 0
-0.582615 0.237764 -0.336373 0.5 0.2 0 1 -0
-0.827254 0.237764 -0 0.416667 0.3 0 1 0
-0.672746 0.237764 -0 0.416667 0.2 0 1 0
-0.716423 0.237764 -0.413627 0.5 0.3 0 1 0
-0.413627 0.237764 -0.716423 0.583333 0.3 0 1 0
-0.582615 0.237764 -0.336373 0.5 0.2 0 1 0
-0.336373 0.237764 -0.582615 0.583333 0.2 0 1 0
-0.716423 0.237764 -0.413627 0.5 0.3 0 1 -0
-0.582615 0.237764 -0.336373 0.5 0.2 0 1 0
-0.413627 0.237764 -0.716423 0.583333 0.3 0 1 0
0 0.237764 -0.827254 0.666667 0.3 0 1 0
-0.336373 0.237764 -0.582615 0.583333 0.2 0 1 -0
0 0.237764 -0.672746 0.666667 0.2 0 1 0
-0.413627 0.237764 -0.716423 0.583333 0.3 0 1 -0
-0.336373 0.237764 -0.582615 0.583333 0.2 0 1 -0
0 0.237764 -0.827254 0.666667 0.3 0 1 0
0.413627 0.237764 -0.716423 0.75 0.3 -0 1 0
0 0.237764 -0.672746 0.666667 0.2 -0 1 0
0.336373 0.237764 -0.582615 0.75 0.2 -0 1 0
0 0.237764 -0.827254 0.666667 0.3 -0 1 -0
0 0.237764 -0.672746 0.666667 0.2 -0 1 0
0.413627 0.237764 -0.716423 0.75 0.3 -0 1 0
0.716423 0.237764 -0.413627 0.833333 0.3 -0 1 0
0.336373 0.237764 -0.582615 0.75 0.2 -0 1 0
0.582615 0.237764 -0.336373 0.833333 0.2 -0 1 0
0.413627 0.237764 -0.716423 0.75 0.3 -0 1 -0
0.336373 0.237764 -0.582615 0.75 0.2 -0 1 0
0.716423 0.237764 -0.413627 0.833333 0.3 -0 1 0
0.827254 0.237764 -0 0.916667 0.3 -0 1 0
0.582615 0.237764 -0.336373 0.833333 0.2 -0 1 0
0.672746 0.237764 -0 0.916667 0.2 -0 1 0
0.716423 0.237764 -0.413627 0.833333 0.3 -0 1 0
0.582615 0.237764 -0.336373 0.833333 0.2 -0 1 0
0.827254 0.237764 -0 0.916667 0.3 -0 1 0
0.716423 0.237764 0.413627 1 0.3 -0 1 -0
0.672746 0.237764 -0 0.916667 0.2 -0 1 -0
0.582615 0.237764 0.336373 1 0.2 -0 1 -0
0.827254 0.237764 -0 0.916667 0.3 -0 1 -0
0.672746 0.237764 -0 0.916667 0.2 -0 1 -0
0.716423 0.237764 0.413627 1 0.3 -0 1 -0
0.476127 0.146946 0.824676 0.083333 0.4 0.425049 0.799166 0.425049
0.716423 0.237764 0.413627 0 0.3 0.425049 0.799166 0.425049
0.413627 0.237764 0.716423 0.083333 0.3 0.425049 0.799166 0.425049
0.824676 0.146946 0.476127 0 0.4 0.425049 0.799166 0.425049
0.716423 0.237764 0.413627 0 0.3 0.425049 0.799166 0.425049
0.476127 0.146946 0.824676 0.083333 0.4 0.425049 0.799166 0.425049
0 0.146946 0.952254 0.166667 0.4 0.155579 0.799166 0.580628
0.413627 0.237764 0.716423 0.083333 0.3 0.155579 0.799166 0.580628
0 0.237764 0.827254 0.166667 0.3 0.155579 0.799166 0.580628
0.476127 0.146946 0.824676 0.083333 0.4 0.155579 0.799166 0.580628
0.413627 0.237764 0.716423 0.083333 0.3 0.155579 0.799166 0.580628
0 0.146946 0.952254 0.166667 0.4 0.155579 0.799166 0.580628
-0.476127 0.146946 0.824676 0.25 0.4 -0.155579 0.799166 0.580628
0 0.237764 0.827254 0.166667 0.3 -0.155579 0.799166 0.580628
-0.413627 0.237764 0.716423 0.25 0.3 -0.155579 0.799166 0.580628
0 0.146946 0.952254 0.166667 0.4 -0.155579 0.799166 0.580628
0 0.237764 0.827254 0.166667 0.3 -0.155579 0.799166 0.580628
-0.476127 0.146946 0.824676 0.25 0.4 -0.155579 0.799166 0.580628
-0.824676 0.146946 0.476127 0.333333 0.4 -0.425049 0.799166 0.425049
-0.413627 0.237764 0.716423 0.25 0.3 -0.425049 0.799166 0.425049
-0.716423 0.237764 0.413627 0.333333 0.3 -0.425049 0.799166 0.425049
-0.476127 0.146946 0.824676 0.25 0.4 -0.425049 0.799166 0.425049
-0.413627 0.237764 0.716423 0.25 0.3 -0.425049 0.799166 0.425049
-0.824676 0.146946 0.476127 0.333333 0.4 -0.425049 0.799166 0.425049
-0.952254 0.146946 -0 0.416667 0.4 -0.580628 0.799166 0.155579
-0.716423 0.237764 0.413627 0.333333 0.3 -0.580628 0.799166 0.155579
-0.827254 0.237764 -0 0.416667 0.3 -0.580628 0.799166 0.155579
-0.824676 0.146946 0.476127 0.333333 0.4 -0.580628 0.799166 0.155579
-0.716423 0.237764 0.413627 0.333333 0.3 -0.580628 0.799166 0.155579
-0.952254 0.146946 -0 0.416667 0.4 -0.580628 0.799166 0.155579
-0.824676 0.146946 -0.476127 0.5 0.4 -0.580628 0.799166 -0.155579
-0.827254 0.237764 -0 0.416667 0.3 -0.580628 0.799166 -0.155579
-0.716423 0.237764 -0.413627 0.5 0.3 -0.580628 0.799166 -0.155579
-0.952254 0.146946 -0 0.416667 0.4 -0.580628 0.799166 -0.155579
-0.827254 0.237764 -0 0.416667 0.3 -0.580628 0.799166 -0.155579
-0.824676 0.146946 -0.476127 0.5 0.4 -0.580628 0.799166 -0.155579
-0.476127 0.146946 -0.824676 0.583333 0.4 -0.425049 0.799166 -0.425049
-0.716423 0.237764 -0.413627 0.5 0.3 -0.425049 0.799166 -0.425049
-0.413627 0.237764 -0.716423 0.583333 0.3 -0.425049 0.799166 -0.425049
-0.824676 0.146946 -0.476127 0.5 0.4 -0.425049 0.799166 -0.425049
-0.716423 0.237764 -0.413627 0.5 0.3 -0.425049 0.799166 -0.425049
-0.476127 0.146946 -0.824676 0.583333 0.4 -0.425049 0.799166 -0.425049
0 0.146946 -0.952254 0.666667 0.4 -0.155579 0.799166 -0.580628
-0.413627 0.237764 -0.716423 0.583333 0.3 -0.155579 0.799166 -0.580628
0 0.237764 -0.827254 0.666667 0.3 -0.155579 0.799166 -0.580628
-0.476127 0.146946 -0.824676 0.583333 0.4 -0.155579 0.799166 -0.580628
-0.413627 0.237764 -0.716423 0.583333 0.3 -0.155579 0.799166 -0.580628
0 0.146946 -0.952254 0.666667 0.4 -0.155579 0.799166 -0.580628
0.476127 0.146946 -0.824676 0.75 0.4 0.155579 0.799166 -0.580628
0 0.237764 -0.827254 0.666667 0.3 0.155579 0.799166 -0.580628
0.413627 0.237764 -0.716423 0.75 0.3 0.155579 0.799166 -0.580628
0 0.146946 -0.952254 0.666667 0.4 0.155579 0.799166 -0.580628
0 0.237764 -0.827254 0.666667 0.3 0.155579 0.799166 -0.580628
0.476127 0.146946 -0.824676 0.75 0.4 0.155579 0.799166 -0.580628
0.824676 0.146946 -0.476127 0.833333 0.4 0.425049 0.799166 -0.425049
0.413627 0.237764 -0.716423 0.75 0.3 0.425049 0.799166 -0.425049
0.716423 0.237764 -0.413627 0.833333 0.3 0.425049 0.799166 -0.425049
0.476127 0.146946 -0.824676 0.75 0.4 0.425049 0.799166 -0.425049
0.413627 0.237764 -0.716423 0.75 0.3 0.425049 0.799166 -0.425049
0.824676 0.146946 -0.476127 0.833333 0.4 0.425049 0.799166 -0.425049
0.952254 0.146946 -0 0.916667 0.4 0.580628 0.799166 -0.155579
0.716423 0.237764 -0.413627 0.833333 0.3 0.580628 0.799166 -0.155579
0.827254 0.237764 -0 0.916667 0.3 0.580628 0.799166 -0.155579
0.824676 0.146946 -0.476127 0.833333 0.4 0.580628 0.799166 -0.155579
0.716423 0.237764 -0.413627 0.833333 0.3 0.580628 0.799166 -0.155579
0.952254 0.146946 -0 0.916667 0.4 0.580628 0.799166 -0.155579
0.824676 0.146946 0.476127 1 0.4 0.580628 0.799166 0.155579
0.827254 0.237764 -0 0.916667 0.3 0.580628 0.799166 0.155579
0.716423 0.237764 0.413627 1 0.3 0.580628 0.799166 0.155579
0.952254 0.146946 -0 0.916667 0.4 0.580628 0.799166 0.155579
0.827254 0.237764 -0 0.916667 0.3 0.580628 0.799166 0.155579
0.824676 0.146946 0.476127 1 0.4 0.580628 0.799166 0.155579
0.5 0 0.866025 0.083333 0.5 0.67466 0.299446 0.67466
0.824676 0.146946 0.476127 0 0.4 0.67466 0.299447 0.67466
0.476127 0.146946 0.824676 0.083333 0.4 0.67466 0.299446 0.67466
0.866025 0 0.5 0 0.5 0.67466 0.299447 0.67466
0.824676 0.146946 0.476127 0 0.4 0.67466 0.299447 0.67466
0.5 0 0.866025 0.083333 0.5 0.67466 0.299446 0.67466
0 0 1 0.166667 0.5 0.246943 0.299447 0.921603
0.476127 0.146946 0.824676 0.083333 0.4 0.246943 0.299446 0.921602
0 0.146946 0.952254 0.166667 0.4 0.246943 0.299446 0.921603
0.5 0 0.866025 0.083333 0.5 0.246943 0.299446 0.921602
0.476127 0.146946 0.824676 0.083333 0.4 0.246943 0.299446 0.921602
0 0 1 0.166667 0.5 0.246943 0.299447 0.921603
-0.5 0 0.866025 0.25 0.5 -0.246943 0.299446 0.921602
0 0.146946 0.952254 0.166667 0.4 -0.246943 0.299446 0.921603
-0.476127 0.146946 0.824676 0.25 0.4 -0.246943 0.299446 0.921602
0 0 1 0.166667 0.5 -0.246942 0.299446 0.921603
0 0.146946 0.952254 0.166667 0.4 -0.246943 0.299446 0.921603
-0.5 0 0.866025 0.25 0.5 -0.246943 0.299446 0.921602
-0.866025 0 0.5 0.333333 0.5 -0.67466 0.299447 0.67466
-0.476127 0.146946 0.824676 0.25 0.4 -0.67466 0.299447 0.67466
-0.824676 0.146946 0.476127 0.333333 0.4 -0.67466 0.299447 0.67466
-0.5 0 0.866025 0.25 0.5 -0.67466 0.299447 0.67466
-0.476127 0.146946 0.824676 0.25 0.4 -0.67466 0.299447 0.67466
-0.866025 0 0.5 0.333333 0.5 -0.67466 0.299447 0.67466
-1 0 -0 0.416667 0.5 -0.921603 0.299447 0.246943
-0.824676 0.146946 0.476127 0.333333 0.4 -0.921603 0.299446 0.246943
-0.952254 0.146946 -0 0.416667 0.4 -0.921602 0.299447 0.246943
-0.866025 0 0.5 0.333333 0.5 -0.921603 0.299447 0.246943
-0.824676 0.146946 0.476127 0.333333 0.4 -0.921603 0.299446 0.246943
-1 0 -0 0.416667 0.5 -0.921603 0.299447 0.246943
-0.866025 0 -0.5 0.5 0.5 -0.921602 0.299447 -0.246943
-0.952254 0.146946 -0 0.416667 0.4 -0.921602 0.299447 -0.246943
-0.824676 0.146946 -0.476127 0.5 0.4 -0.921602 0.299447 -0.246943
-1 0 -0 0.416667 0.5 -0.921602 0.299446 -0.246943
-0.952254 0.146946 -0 0.416667 0.4 -0.921602 0.299447 -0.246943
-0.866025 0 -0.5 0.5 0.5 -0.921602 0.299447 -0.246943
-0.5 0 -0.866025 0.583333 0.5 -0.67466 0.299446 -0.67466
-0.824676 0.146946 -0.476127 0.5 0.4 -0.67466 0.299447 -0.67466
-0.476127 0.146946 -0.824676 0.583333 0.4 -0.67466 0.299446 -0.67466
-0.866025 0 -0.5 0.5 0.5 -0.67466 0.299447 -0.67466
-0.824676 0.146946 -0.476127 0.5 0.4 -0.67466 0.299447 -0.67466
-0.5 0 -0.866025 0.583333 0.5 -0.67466 0.299446 -0.67466
0 0 -1 0.666667 0.5 -0.246943 0.299447 -0.921603
-0.476127 0.146946 -0.824676 0.583333 0.4 -0.246943 0.299446 -0.921602
0 0.146946 -0.952254 0.666667 0.4 -0.246943 0.299446 -0.921603
-0.5 0 -0.866025 0.583333 0.5 -0.246943 0.299446 -0.921602
-0.476127 0.146946 -0.824676 0.583333 0.4 -0.246943 0.299446 -0.921602
0 0 -1 0.666667 0.5 -0.246943 0.299447 -0.921603
0.5 0 -0.866025 0.75 0.5 0.246943 0.299446 -0.921602
0 0.146946 -0.952254 0.666667 0.4 0.246943 0.299446 -0.921603
0.476127 0.146946 -0.824676 0.75 0.4 0.246943 0.299446 -0.921602
0 0 -1 0.666667 0.5 0.246942 0.299446 -0.921603
0 0.146946 -0.952254 0.666667 0.4 0.246943 0.299446 -0.921603
0.5 0 -0.866025 0.75 0.5 0.246943 0.299446 -0.921602
0.866025 0 -0.5 0.833333 0.5 0.67466 0.299447 -0.67466
0.476127 0.146946 -0.824676 0.75 0.4 0.67466 0.299447 -0.67466
0.824676 0.146946 -0.476127 0.833333 0.4 0.67466 0.299447 -0.67466
0.5 0 -0.866025 0.75 0.5 0.67466 0.299447 -0.67466
0.476127 0.146946 -0.824676 0.75 0.4 0.67466 0.299447 -0.67466
0.866025 0 -0.5 0.833333 0.5 0.67466 0.299447 -0.67466
1 0 -0 0.916667 0.5 0.921603 0.299447 -0.246943
0.824676 0.146946 -0.476127 0.833333 0.4 0.921603 0.299446 -0.246943
0.952254 0.146946 -0 0.916667 0.4 0.921602 0.299447 -0.246943
0.866025 0 -0.5 0.833333 0.5 0.921603 0.299447 -0.246943
0.824676 0.146946 -0.476127 0.833333 0.4 0.921603 0.299446 -0.246943
1 0 -0 0.916667 0.5 0.921603 0.299447 -0.246943
0.866025 0 0.5 1 0.5 0.921602 0.299447 0.246943
0.952254 0.146946 -0 0.916667 0.4 0.921602 0.299447 0.246943
0.824676 0.146946 0.476127 1 0.4 0.921602 0.299447 0.246943
1 0 -0 0.916667 0.5 0.921602 0.299446 0.246943
0.952254 0.146946 -0 0.916667 0.4 0.921602 0.299447 0.246943
0.866025 0 0.5 1 0.5 0.921602 0.299447 0.246943
0.476127 -0.146946 0.824676 0.083333 0.6 0.67466 -0.299447 0.67466
0.866025 0 0.5 0 0.5 0.67466 -0.299447 0.67466
0.5 0 0.866025 0.083333 0.5 0.67466 -0.299447 0.67466
0.824676 -0.146946 0.476127 0 0.6 0.67466 -0.299447 0.67466
0.866025 0 0.5 0 0.5 0.67466 -0.299447 0.67466
0.476127 -0.146946 0.824676 0.083333 0.6 0.67466 -0.299447 0.67466
0 -0.146946 0.952254 0.166667 0.6 0.246943 -0.299446 0.921603
0.5 0 0.866025 0.083333 0.5 0.246943 -0.299446 0.921603
0 0 1 0.166667 0.5 0.246942 -0.299446 0.921603
0.476127 -0.146946 0.824676 0.083333 0.6 0.246943 -0.299446 0.921602
0.5 0 0.866025 0.083333 0.5 0.246943 -0.299446 0.921603
0 -0.146946 0.952254 0.166667 0.6 0.246943 -0.299446 0.921603
-0.476127 -0.146946 0.824676 0.25 0.6 -0.246943 -0.299446 0.921603
0 0 1 0.166667 0.5 -0.246943 -0.299446 0.921602
-0.5 0 0.866025 0.25 0.5 -0.246943 -0.299446 0.921602
0 -0.146946 0.952254 0.166667 0.6 -0.246942 -0.299446 0.921603
0 0 1 0.166667 0.5 -0.246943 -0.299446 0.921602
-0.476127 -0.146946 0.824676 0.25 0.6 -0.246943 -0.299446 0.921603
-0.824676 -0.146946 0.476127 0.333333 0.6 -0.67466 -0.299447 0.67466
-0.5 0 0.866025 0.25 0.5 -0.67466 -0.299446 0.67466
-0.866025 0 0.5 0.333333 0.5 -0.67466 -0.299447 0.67466
-0.476127 -0.146946 0.824676 0.25 0.6 -0.67466 -0.299446 0.67466
-0.5 0 0.866025 0.25 0.5 -0.67466 -0.299446 0.67466
-0.824676 -0.146946 0.476127 0.333333 0.6 -0.67466 -0.299447 0.67466
-0.952254 -0.146946 -0 0.416667 0.6 -0.921602 -0.299446 0.246943
-0.866025 0 0.5 0.333333 0.5 -0.921603 -0.299447 0.246943
-1 0 -0 0.416667 0.5 -0.921602 -0.299446 0.246943
-0.824676 -0.146946 0.476127 0.333333 0.6 -0.921602 -0.299447 0.246943
-0.866025 0 0.5 0.333333 0.5 -0.921603 -0.299447 0.246943
-0.952254 -0.146946 -0 0.416667 0.6 -0.921602 -0.299446 0.246943
-0.824676 -0.146946 -0.476127 0.5 0.6 -0.921602 -0.299447 -0.246943
-1 0 -0 0.416667 0.5 -0.921603 -0.299447 -0.246943
-0.866025 0 -0.5 0.5 0.5 -0.921602 -0.299447 -0.246943
-0.952254 -0.146946 -0 0.416667 0.6 -0.921602 -0.299447 -0.246943
-1 0 -0 0.416667 0.5 -0.921603 -0.299447 -0.246943
-0.824676 -0.146946 -0.476127 0.5 0.6 -0.921602 -0.299447 -0.246943
-0.476127 -0.146946 -0.824676 0.583333 0.6 -0.67466 -0.299447 -0.67466
-0.866025 0 -0.5 0.5 0.5 -0.67466 -0.299447 -0.67466
-0.5 0 -0.866025 0.583333 0.5 -0.67466 -0.299447 -0.67466
-0.824676 -0.146946 -0.476127 0.5 0.6 -0.67466 -0.299447 -0.67466
-0.866025 0 -0.5 0.5 0.5 -0.67466 -0.299447 -0.67466
-0.476127 -0.146946 -0.824676 0.583333 0.6 -0.67466 -0.299447 -0.67466
0 -0.146946 -0.952254 0.666667 0.6 -0.246943 -0.299446 -0.921603
-0.5 0 -0.866025 0.583333 0.5 -0.246943 -0.299446 -0.921603
0 0 -1 0.666667 0.5 -0.246942 -0.299446 -0.921603
-0.476127 -0.146946 -0.824676 0.583333 0.6 -0.246943 -0.299446 -0.921602
-0.5 0 -0.866025 0.583333 0.5 -0.246943 -0.299446 -0.921603
0 -0.146946 -0.952254 0.666667 0.6 -0.246943 -0.299446 -0.921603
0.476127 -0.146946 -0.824676 0.75 0.6 0.246943 -0.299446 -0.921603
0 0 -1 0.666667 0.5 0.246943 -0.299446 -0.921602
0.5 0 -0.866025 0.75 0.5 0.246943 -0.299446 -0.921602
0 -0.146946 -0.952254 0.666667 0.6 0.246942 -0.299446 -0.921603
0 0 -1 0.666667 0.5 0.246943 -0.299446 -0.921602
0.476127 -0.146946 -0.824676 0.75 0.6 0.246943 -0.299446 -0.921603
0.824676 -0.146946 -0.476127 0.833333 0.6 0.67466 -0.299447 -0.67466
0.5 0 -0.866025 0.75 0.5 0.67466 -0.299446 -0.67466
0.866025 0 -0.5 0.833333 0.5 0.67466 -0.299447 -0.67466
0.476127 -0.146946 -0.824676 0.75 0.6 0.67466 -0.299446 -0.67466
0.5 0 -0.866025 0.75 0.5 0.67466 -0.299446 -0.67466
0.824676 -0.146946 -0.476127 0.833333 0.6 0.67466 -0.299447 -0.67466
0.952254 -0.146946 -0 0.916667 0.6 0.921602 -0.299446 -0.246943
0.866025 0 -0.5 0.833333 0.5 0.921603 -0.299447 -0.246943
1 0 -0 0.916667 0.5 0.921602 -0.299446 -0.246943
0.824676 -0.146946 -0.476127 0.833333 0.6 0.921602 -0.299447 -0.246943
0.866025 0 -0.5 0.833333 0.5 0.921603 -0.299447 -0.246943
0.952254 -0.146946 -0 0.916667 0.6 0.921602 -0.299446 -0.246943
0.824676 -0.146946 0.476127 1 0.6 0.921602 -0.299447 0.246943
1 0 -0 0.916667 0.5 0.921603 -0.299447 0.246943
0.866025 0 0.5 1 0.5 0.921602 -0.299447 0.246943
0.952254 -0.146946 -0 0.916667 0.6 0.921602 -0.299447 0.246943
1 0 -0 0.916667 0.5 0.921603 -0.299447 0.246943
0.824676 -0.146946 0.476127 1 0.6 0.921602 -0.299447 0.246943
0.413627 -0.237764 0.716423 0.083333 0.7 0.425049 -0.799166 0.425049
0.824676 -0.146946 0.476127 0 0.6 0.425049 -0.799166 0.425049
0.476127 -0.146946 0.824676 0.083333 0.6 0.425049 -0.799166 0.425049
0.716423 -0.237764 0.413627 0 0.7 0.42505 -0.799166 0.425049
0.824676 -0.146946 0.476127 0 0.6 0.425049 -0.799166 0.425049
0.413627 -0.237764 0.716423 0.083333 0.7 0.425049 -0.799166 0.425049
0 -0.237764 0.827254 0.166667 0.7 0.155579 -0.799166 0.580628
0.476127 -0.146946 0.824676 0.083333 0.6 0.155579 -0.799166 0.580628
0 -0.146946 0.952254 0.166667 0.6 0.155579 -0.799166 0.580628
0.413627 -0.237764 0.716423 0.083333 0.7 0.155579 -0.799166 0.580628
0.476127 -0.146946 0.824676 0.083333 0.6 0.155579 -0.799166 0.580628
0 -0.237764 0.827254 0.166667 0.7 0.155579 -0.799166 0.580628
-0.413627 -0.237764 0.716423 0.25 0.7 -0.155579 -0.799166 0.580628
0 -0.146946 0.952254 0.166667 0.6 -0.155579 -0.799166 0.580628
-0.476127 -0.146946 0.824676 0.25 0.6 -0.155579 -0.799166 0.580628
0 -0.237764 0.827254 0.166667 0.7 -0.155579 -0.799166 0.580628
0 -0.146946 0.952254 0.166667 0.6 -0.155579 -0.799166 0.580628
-0.413627 -0.237764 0.716423 0.25 0.7 -0.155579 -0.799166 0.580628
-0.716423 -0.237764 0.413627 0.333333 0.7 -0.425049 -0.799166 0.425049
-0.476127 -0.146946 0.824676 0.25 0.6 -0.425049 -0.799166 0.425049
-0.824676 -0.146946 0.476127 0.333333 0.6 -0.425049 -0.799166 0.425049
-0.413627 -0.237764 0.716423 0.25 0.7 -0.425049 -0.799166 0.425049
-0.476127 -0.146946 0.824676 0.25 0.6 -0.425049 -0.799166 0.425049
-0.716423 -0.237764 0.413627 0.333333 0.7 -0.425049 -0.799166 0.425049
-0.827254 -0.237764 -0 0.416667 0.7 -0.580628 -0.799166 0.155579
-0.824676 -0.146946 0.476127 0.333333 0.6 -0.580628 -0.799166 0.155579
-0.952254 -0.146946 -0 0.416667 0.6 -0.580628 -0.799166 0.155579
-0.716423 -0.237764 0.413627 0.333333 0.7 -0.580628 -0.799166 0.155579
-0.824676 -0.146946 0.476127 0.333333 0.6 -0.580628 -0.799166 0.155579
-0.827254 -0.237764 -0 0.416667 0.7 -0.580628 -0.799166 0.155579
-0.716423 -0.237764 -0.413627 0.5 0.7 -0.580628 -0.799166 -0.155579
-0.952254 -0.146946 -0 0.416667 0.6 -0.580628 -0.799166 -0.155579
-0.824676 -0.146946 -0.476127 0.5 0.6 -0.580628 -0.799166 -0.155579
-0.827254 -0.237764 -0 0.416667 0.7 -0.580628 -0.799166 -0.155579
-0.952254 -0.146946 -0 0.416667 0.6 -0.580628 -0.799166 -0.155579
-0.716423 -0.237764 -0.413627 0.5 0.7 -0.580628 -0.799166 -0.155579
-0.413627 -0.237764 -0.716423 0.583333 0.7 -0.425049 -0.799166 -0.425049
-0.824676 -0.146946 -0.476127 0.5 0.6 -0.425049 -0.799166 -0.425049
-0.476127 -0.146946 -0.824676 0.583333 0.6 -0.425049 -0.799166 -0.425049
-0.716423 -0.237764 -0.413627 0.5 0.7 -0.42505 -0.799166 -0.425049
-0.824676 -0.146946 -0.476127 0.5 0.6 -0.425049 -0.799166 -0.425049
-0.413627 -0.237764 -0.716423 0.583333 0.7 -0.425049 -0.799166 -0.425049
0 -0.237764 -0.827254 0.666667 0.7 -0.155579 -0.799166 -0.580628
-0.476127 -0.146946 -0.824676 0.583333 0.6 -0.155579 -0.799166 -0.580628
0 -0.146946 -0.952254 0.666667 0.6 -0.155579 -0.799166 -0.580628
-0.413627 -0.237764 -0.716423 0.583333 0.7 -0.155579 -0.799166 -0.580628
-0.476127 -0.146946 -0.824676 0.583333 0.6 -0.155579 -0.799166 -0.580628
0 -0.237764 -0.827254 0.666667 0.7 -0.155579 -0.799166 -0.580628
0.413627 -0.237764 -0.716423 0.75 0.7 0.155579 -0.799166 -0.580628
0 -0.146946 -0.952254 0.666667 0.6 0.155579 -0.799166 -0.580628
0.476127 -0.146946 -0.824676 0.75 0.6 0.155579 -0.799166 -0.580628
0 -0.237764 -0.827254 0.666667 0.7 0.155579 -0.799166 -0.580628
0 -0.146946 -0.952254 0.666667 0.6 0.155579 -0.799166 -0.580628
0.413627 -0.237764 -0.716423 0.75 0.7 0.155579 -0.799166 -0.580628
0.716423 -0.237764 -0.413627 0.833333 0.7 0.425049 -0.799166 -0.425049
0.476127 -0.146946 -0.824676 0.75 0.6 0.425049 -0.799166 -0.425049
0.824676 -0.146946 -0.476127 0.833333 0.6 0.425049 -0.799166 -0.425049
0.413627 -0.237764 -0.716423 0.75 0.7 0.425049 -0.799166 -0.425049
0.476127 -0.146946 -0.824676 0.75 0.6 0.425049 -0.799166 -0.425049
0.716423 -0.237764 -0.413627 0.833333 0.7 0.425049 -0.799166 -0.425049
0.827254 -0.237764 -0 0.916667 0.7 0.580628 -0.799166 -0.155579
0.824676 -0.146946 -0.476127 0.833333 0.6 0.580628 -0.799166 -0.155579
0.952254 -0.146946 -0 0.916667 0.6 0.580628 -0.799166 -0.155579
0.716423 -0.237764 -0.413627 0.833333 0.7 0.580628 -0.799166 -0.155579
0.824676 -0.146946 -0.476127 0.833333 0.6 0.580628 -0.799166 -0.155579
0.827254 -0.237764 -0 0.916667 0.7 0.580628 -0.799166 -0.155579
0.716423 -0.237764 0.413627 1 0.7 0.580628 -0.799166 0.155579
0.952254 -0.146946 -0 0.916667 0.6 0.580628 -0.799166 0.155579
0.824676 -0.146946 0.476127 1 0.6 0.580628 -0.799166 0.155579
0.827254 -0.237764 -0 0.916667 0.7 0.580628 -0.799166 0.155579
0.952254 -0.146946 -0 0.916667 0.6 0.580628 -0.799166 0.155579
0.716423 -0.237764 0.413627 1 0.7 0.580628 -0.799166 0.155579
0.336373 -0.237764 0.582615 0.083333 0.8 0 -1 0
0.716423 -0.237764 0.413627 0 0.7 0 -1 0
0.413627 -0.237764 0.716423 0.083333 0.7 0 -1 -0
0.582615 -0.237764 0.336373 0 0.8 0 -1 0
0.716423 -0.237764 0.413627 0 0.7 0 -1 0
0.336373 -0.237764 0.582615 0.083333 0.8 0 -1 0
0 -0.237764 0.672746 0.166667 0.8 0 -1 0
0.413627 -0.237764 0.716423 0.083333 0.7 0 -1 0
0 -0.237764 0.827254 0.166667 0.7 0 -1 0
0.336373 -0.237764 0.582615 0.083333 0.8 0 -1 0
0.413627 -0.237764 0.716423 0.083333 0.7 0 -1 0
0 -0.237764 0.672746 0.166667 0.8 0 -1 0
-0.336373 -0.237764 0.582615 0.25 0.8 -0 -1 0
0 -0.237764 0.827254 0.166667 0.7 -0 -1 0
-0.413627 -0.237764 0.716423 0.25 0.7 -0 -1 0
0 -0.237764 0.672746 0.166667 0.8 -0 -1 0
0 -0.237764 0.827254 0.166667 0.7 -0 -1 0
-0.336373 -0.237764 0.582615 0.25 0.8 -0 -1 0
-0.582615 -0.237764 0.336373 0.333333 0.8 -0 -1 0
-0.413627 -0.237764 0.716423 0.25 0.7 -0 -1 0
-0.716423 -0.237764 0.413627 0.333333 0.7 -0 -1 -0
-0.336373 -0.237764 0.582615 0.25 0.8 -0 -1 0
-0.413627 -0.237764 0.716423 0.25 0.7 -0 -1 0
-0.582615 -0.237764 0.336373 0.333333 0.8 -0 -1 0
-0.672746 -0.237764 -0 0.416667 0.8 -0 -1 0
-0.716423 -0.237764 0.413627 0.333333 0.7 -0 -1 0
-0.827254 -0.237764 -0 0.416667 0.7 -0 -1 -0
-0.582615 -0.237764 0.336373 0.333333 0.8 -0 -1 0
-0.716423 -0.237764 0.413627 0.333333 0.7 -0 -1 0
-0.672746 -0.237764 -0 0.416667 0.8 -0 -1 0
-0.582615 -0.237764 -0.336373 0.5 0.8 -0 -1 -0
-0.827254 -0.237764 -0 0.416667 0.7 -0 -1 -0
-0.716423 -0.237764 -0.413627 0.5 0.7 -0 -1 -0
-0.672746 -0.237764 -0 0.416667 0.8 -0 -1 -0
-0.827254 -0.237764 -0 0.416667 0.7 -0 -1 -0
-0.582615 -0.237764 -0.336373 0.5 0.8 -0 -1 -0
-0.336373 -0.237764 -0.582615 0.583333 0.8 -0 -1 -0
-0.716423 -0.237764 -0.413627 0.5 0.7 -0 -1 -0
-0.413627 -0.237764 -0.716423 0.583333 0.7 -0 -1 -0
-0.582615 -0.237764 -0.336373 0.5 0.8 -0 -1 -0
-0.716423 -0.237764 -0.413627 0.5 0.7 -0 -1 -0
-0.336373 -0.237764 -0.582615 0.583333 0.8 -0 -1 -0
0 -0.237764 -0.672746 0.666667 0.8 -0 -1 -0
-0.413627 -0.237764 -0.716423 0.583333 0.7 -0 -1 -0
0 -0.237764 -0.827254 0.666667 0.7 -0 -1 -0
-0.336373 -0.237764 -0.582615 0.583333 0.8 -0 -1 -0
-0.413627 -0.237764 -0.716423 0.583333 0.7 -0 -1 -0
0 -0.237764 -0.672746 0.666667 0.8 -0 -1 -0
0.336373 -0.237764 -0.582615 0.75 0.8 0 -1 -0
0 -0.237764 -0.827254 0.666667 0.7 0 -1 -0
0.413627 -0.237764 -0.716423 0.75 0.7 0 -1 -0
0 -0.237764 -0.672746 0.666667 0.8 0 -1 -0
0 -0.237764 -0.827254 0.666667 0.7 0 -1 -0
0.336373 -0.237764 -0.582615 0.75 0.8 0 -1 -0
0.582615 -0.237764 -0.336373 0.833333 0.8 0 -1 -0
0.413627 -0.237764 -0.716423 0.75 0.7 0 -1 -0
0.716423 -0.237764 -0.413627 0.833333 0.7 0 -1 -0
0.336373 -0.237764 -0.582615 0.75 0.8 0 -1 -0
0.413627 -0.237764 -0.716423 0.75 0.7 0 -1 -0
0.582615 -0.237764 -0.336373 0.833333 0.8 0 -1 -0
0.672746 -0.237764 -0 0.916667 0.8 0 -1 -0
0.716423 -0.237764 -0.413627 0.833333 0.7 0 -1 -0
0.827254 -0.237764 -0 0.916667 0.7 0 -1 -0
0.582615 -0.237764 -0.336373 0.833333 0.8 0 -1 -0
0.716423 -0.237764 -0.413627 0.833333 0.7 0 -1 -0
0.672746 -0.237764 -0 0.916667 0.8 0 -1 -0
0.582615 -0.237764 0.336373 1 0.8 0 -1 0
0.827254 -0.237764 -0 0.916667 0.7 0 -1 0
0.716423 -0.237764 0.413627 1 0.7 0 -1 -0
0.672746 -0.237764 -0 0.916667 0.8 0 -1 0
0.827254 -0.237764 -0 0.916667 0.7 0 -1 0
0.582615 -0.237764 0.336373 1 0.8 0 -1 0
0.273873 -0.146946 0.474362 0.083333 0.9 -0.425049 -0.799166 -0.425049
0.582615 -0.237764 0.336373 0 0.8 -0.425049 -0.799166 -0.425049
0.336373 -0.237764 0.582615 0.083333 0.8 -0.425049 -0.799166 -0.425049
0.474362 -0.146946 0.273873 0 0.9 -0.425049 -0.799166 -0.425049
0.582615 -0.237764 0.336373 0 0.8 -0.425049 -0.799166 -0.425049
0.273873 -0.146946 0.474362 0.083333 0.9 -0.425049 -0.799166 -0.425049
0 -0.146946 0.547746 0.166667 0.9 -0.155579 -0.799166 -0.580628
0.336373 -0.237764 0.582615 0.083333 0.8 -0.155579 -0.799166 -0.580628
0 -0.237764 0.672746 0.166667 0.8 -0.155579 -0.799166 -0.580628
0.273873 -0.146946 0.474362 0.083333 0.9 -0.155579 -0.799166 -0.580628
0.336373 -0.237764 0.582615 0.083333 0.8 -0.155579 -0.799166 -0.580628
0 -0.146946 0.547746 0.166667 0.9 -0.155579 -0.799166 -0.580628
-0.273873 -0.146946 0.474362 0.25 0.9 0.155579 -0.799166 -0.580628
0 -0.237764 0.672746 0.166667 0.8 0.155579 -0.799166 -0.580628
-0.336373 -0.237764 0.582615 0.25 0.8 0.155579 -0.799166 -0.580628
0 -0.146946 0.547746 0.166667 0.9 0.155579 -0.799166 -0.580628
0 -0.237764 0.672746 0.166667 0.8 0.155579 -0.799166 -0.580628
-0.273873 -0.146946 0.474362 0.25 0.9 0.155579 -0.799166 -0.580628
-0.474362 -0.146946 0.273873 0.333333 0.9 0.425049 -0.799166 -0.425049
-0.336373 -0.237764 0.582615 0.25 0.8 0.425049 -0.799166 -0.425049
-0.582615 -0.237764 0.336373 0.333333 0.8 0.425049 -0.799166 -0.425049
-0.273873 -0.146946 0.474362 0.25 0.9 0.425049 -0.799166 -0.425049
-0.336373 -0.237764 0.582615 0.25 0.8 0.425049 -0.799166 -0.425049
-0.474362 -0.146946 0.273873 0.333333 0.9 0.425049 -0.799166 -0.425049
-0.547746 -0.146946 -0 0.416667 0.9 0.580628 -0.799166 -0.155579
-0.582615 -0.237764 0.336373 0.333333 0.8 0.580628 -0.799166 -0.155579
-0.672746 -0.237764 -0 0.416667 0.8 0.580628 -0.799166 -0.155579
-0.474362 -0.146946 0.273873 0.333333 0.9 0.580628 -0.799166 -0.155579
-0.582615 -0.237764 0.336373 0.333333 0.8 0.580628 -0.799166 -0.155579
-0.547746 -0.146946 -0 0.416667 0.9 0.580628 -0.799166 -0.155579
-0.474362 -0.146946 -0.273873 0.5 0.9 0.580628 -0.799166 0.155579
-0.672746 -0.237764 -0 0.416667 0.8 0.580628 -0.799166 0.155579
-0.582615 -0.237764 -0.336373 0.5 0.8 0.580628 -0.799166 0.155579
-0.547746 -0.146946 -0 0.416667 0.9 0.580628 -0.799166 0.155579
-0.672746 -0.237764 -0 0.416667 0.8 0.580628 -0.799166 0.155579
-0.474362 -0.146946 -0.273873 0.5 0.9 0.580628 -0.799166 0.155579
-0.273873 -0.146946 -0.474362 0.583333 0.9 0.425049 -0.799166 0.425049
-0.582615 -0.237764 -0.336373 0.5 0.8 0.425049 -0.799166 0.425049
-0.336373 -0.237764 -0.582615 0.583333 0.8 0.425049 -0.799166 0.425049
-0.474362 -0.146946 -0.273873 0.5 0.9 0.425049 -0.799166 0.425049
-0.582615 -0.237764 -0.336373 0.5 0.8 0.425049 -0.799166 0.425049
-0.273873 -0.146946 -0.474362 0.583333 0.9 0.425049 -0.799166 0.425049
0 -0.146946 -0.547746 0.666667 0.9 0.155579 -0.799166 0.580628
-0.336373 -0.237764 -0.582615 0.583333 0.8 0.155579 -0.799166 0.580628
0 -0.237764 -0.672746 0.666667 0.8 0.155579 -0.799166 0.580628
-0.273873 -0.146946 -0.474362 0.583333 0.9 0.155579 -0.799166 0.580628
-0.336373 -0.237764 -0.582615 0.583333 0.8 0.155579 -0.799166 0.580628
0 -0.146946 -0.547746 0.666667 0.9 0.155579 -0.799166 0.580628
0.273873 -0.146946 -0.474362 0.75 0.9 -0.155579 -0.799166 0.580628
0 -0.237764 -0.672746 0.666667 0.8 -0.155579 -0.799166 0.580628
0.336373 -0.237764 -0.582615 0.75 0.8 -0.155579 -0.799166 0.580628
0 -0.146946 -0.547746 0.666667 0.9 -0.155579 -0.799166 0.580628
0 -0.237764 -0.672746 0.666667 0.8 -0.155579 -0.799166 0.580628
0.273873 -0.146946 -0.474362 0.75 0.9 -0.155579 -0.799166 0.580628
0.474362 -0.146946 -0.273873 0.833333 0.9 -0.425049 -0.799166 0.425049
0.336373 -0.237764 -0.582615 0.75 0.8 -0.425049 -0.799166 0.425049
0.582615 -0.237764 -0.336373 0.833333 0.8 -0.425049 -0.799166 0.425049
0.273873 -0.146946 -0.474362 0.75 0.9 -0.425049 -0.799166 0.425049
0.336373 -0.237764 -0.582615 0.75 0.8 -0.425049 -0.799166 0.425049
0.474362 -0.146946 -0.273873 0.833333 0.9 -0.425049 -0.799166 0.425049
0.547746 -0.146946 -0 0.916667 0.9 -0.580628 -0.799166 0.155579
0.582615 -0.237764 -0.336373 0.833333 0.8 -0.580628 -0.799166 0.155579
0.672746 -0.237764 -0 0.916667 0.8 -0.580628 -0.799166 0.155579
0.474362 -0.146946 -0.273873 0.833333 0.9 -0.580628 -0.799166 0.155579
0.582615 -0.237764 -0.336373 0.833333 0.8 -0.580628 -0.799166 0.155579
0.547746 -0.146946 -0 0.916667 0.9 -0.580628 -0.799166 0.155579
0.474362 -0.146946 0.273873 1 0.9 -0.580628 -0.799166 -0.155579
0.672746 -0.237764 -0 0.916667 0.8 -0.580628 -0.799166 -0.155579
0.582615 -0.237764 0.336373 1 0.8 -0.580628 -0.799166 -0.155579
0.547746 -0.146946 -0 0.916667 0.9 -0.580628 -0.799166 -0.155579
0.672746 -0.237764 -0 0.916667 0.8 -0.580628 -0.799166 -0.155579
0.474362 -0.146946 0.273873 1 0.9 -0.580628 -0.799166 -0.155579
0.25 0 0.433013 0.083333 1 -0.67466 -0.299446 -0.67466
0.474362 -0.146946 0.273873 0 0.9 -0.67466 -0.299446 -0.67466
0.273873 -0.146946 0.474362 0.083333 0.9 -0.67466 -0.299447 -0.67466
0.433013 0 0.25 0 1 -0.67466 -0.299446 -0.67466
0.474362 -0.146946 0.273873 0 0.9 -0.67466 -0.299446 -0.67466
0.25 0 0.433013 0.083333 1 -0.67466 -0.299446 -0.67466
0 0 0.5 0.166667 1 -0.246943 -0.299446 -0.921602
0.273873 -0.146946 0.474362 0.083333 0.9 -0.246943 -0.299446 -0.921603
0 -0.146946 0.547746 0.166667 0.9 -0.246943 -0.299446 -0.921602
0.25 0 0.433013 0.083333 1 -0.246943 -0.299446 -0.921603
0.273873 -0.146946 0.474362 0.083333 0.9 -0.246943 -0.299446 -0.921603
0 0 0.5 0.166667 1 -0.246943 -0.299446 -0.921602
-0.25 0 0.433013 0.25 1 0.246943 -0.299446 -0.921602
0 -0.146946 0.547746 0.166667 0.9 0.246943 -0.299446 -0.921602
-0.273873 -0.146946 0.474362 0.25 0.9 0.246943 -0.299446 -0.921602
0 0 0.5 0.166667 1 0.246943 -0.299446 -0.921603
0 -0.146946 0.547746 0.166667 0.9 0.246943 -0.299446 -0.921602
-0.25 0 0.433013 0.25 1 0.246943 -0.299446 -0.921602
-0.433013 0 0.25 0.333333 1 0.67466 -0.299446 -0.67466
-0.273873 -0.146946 0.474362 0.25 0.9 0.67466 -0.299446 -0.67466
-0.474362 -0.146946 0.273873 0.333333 0.9 0.67466 -0.299446 -0.67466
-0.25 0 0.433013 0.25 1 0.67466 -0.299446 -0.67466
-0.273873 -0.146946 0.474362 0.25 0.9 0.67466 -0.299446 -0.67466
-0.433013 0 0.25 0.333333 1 0.67466 -0.299446 -0.67466
-0.5 0 -0 0.416667 1 0.921603 -0.299446 -0.246943
-0.474362 -0.146946 0.273873 0.333333 0.9 0.921603 -0.299446 -0.246943
-0.547746 -0.146946 -0 0.416667 0.9 0.921603 -0.299446 -0.246943
-0.433013 0 0.25 0.333333 1 0.921602 -0.299446 -0.246943
-0.474362 -0.146946 0.273873 0.333333 0.9 0.921603 -0.299446 -0.246943
-0.5 0 -0 0.416667 1 0.921603 -0.299446 -0.246943
-0.433013 0 -0.25 0.5 1 0.921603 -0.299446 0.246943
-0.547746 -0.146946 -0 0.416667 0.9 0.921603 -0.299446 0.246943
-0.474362 -0.146946 -0.273873 0.5 0.9 0.921603 -0.299446 0.246943
-0.5 0 -0 0.416667 1 0.921602 -0.299446 0.246943
-0.547746 -0.146946 -0 0.416667 0.9 0.921603 -0.299446 0.246943
-0.433013 0 -0.25 0.5 1 0.921603 -0.299446 0.246943
-0.25 0 -0.433013 0.583333 1 0.67466 -0.299446 0.67466
-0.474362 -0.146946 -0.273873 0.5 0.9 0.67466 -0.299446 0.67466
-0.273873 -0.146946 -0.474362 0.583333 0.9 0.67466 -0.299447 0.67466
-0.433013 0 -0.25 0.5 1 0.67466 -0.299446 0.67466
-0.474362 -0.146946 -0.273873 0.5 0.9 0.67466 -0.299446 0.67466
-0.25 0 -0.433013 0.583333 1 0.67466 -0.299446 0.67466
0 0 -0.5 0.666667 1 0.246943 -0.299446 0.921602
-0.273873 -0.146946 -0.474362 0.583333 0.9 0.246943 -0.299446 0.921603
0 -0.146946 -0.547746 0.666667 0.9 0.246943 -0.299446 0.921602
-0.25 0 -0.433013 0.583333 1 0.246943 -0.299446 0.921603
-0.273873 -0.146946 -0.474362 0.583333 0.9 0.246943 -0.299446 0.921603
0 0 -0.5 0.666667 1 0.246943 -0.299446 0.921602
0.25 0 -0.433013 0.75 1 -0.246943 -0.299446 0.921602
0 -0.146946 -0.547746 0.666667 0.9 -0.246943 -0.299446 0.921602
0.273873 -0.146946 -0.474362 0.75 0.9 -0.246943 -0.299446 0.921602
0 0 -0.5 0.666667 1 -0.246943 -0.299446 0.921603
0 -0.146946 -0.547746 0.666667 0.9 -0.246943 -0.299446 0.921602
0.25 0 -0.433013 0.75 1 -0.246943 -0.299446 0.921602
0.433013 0 -0.25 0.833333 1 -0.67466 -0.299446 0.67466
0.273873 -0.146946 -0.474362 0.75 0.9 -0.67466 -0.299446 0.67466
0.474362 -0.146946 -0.273873 0.833333 0.9 -0.67466 -0.299446 0.67466
0.25 0 -0.433013 0.75 1 -0.67466 -0.299446 0.67466
0.273873 -0.146946 -0.474362 0.75 0.9 -0.67466 -0.299446 0.67466
0.433013 0 -0.25 0.833333 1 -0.67466 -0.299446 0.67466
0.5 0 -0 0.916667 1 -0.921603 -0.299446 0.246943
0.474362 -0.146946 -0.273873 0.833333 0.9 -0.921603 -0.299446 0.246943
0.547746 -0.146946 -0 0.916667 0.9 -0.921603 -0.299446 0.246943
0.433013 0 -0.25 0.833333 1 -0.921602 -0.299446 0.246943
0.474362 -0.146946 -0.273873 0.833333 0.9 -0.921603 -0.299446 0.246943
0.5 0 -0 0.916667 1 -0.921603 -0.299446 0.246943
0.433013 0 0.25 1 1 -0.921603 -0.299446 -0.246943
0.547746 -0.146946 -0 0.916667 0.9 -0.921603 -0.299446 -0.246943
0.474362 -0.146946 0.273873 1 0.9 -0.921603 -0.299446 -0.246943
0.5 0 -0 0.916667 1 -0.921602 -0.299446 -0.246943
0.547746 -0.146946 -0 0.916667 0.9 -0.921603 -0.299446 -0.246943
0.433013 0 0.25 1 1 -0.921603 -0.299446 -0.246943
