Vertex Count: 582

Data:

-1.93747 4.67747 -2.05261 0.317476 0.166788 -0.382105 0.923011 -0.045232
-3.5797 3.57971 0.196492 0.128544 0.13236 -0.707104 0.70711 0.000178
-1.93732 4.67711 0.196492 0.265399 0.041028 -0.55557 0.83147 0.000173
-3.57999 3.57998 -2.05261 0.22485 0.228771 -0.706238 0.706528 -0.04523
-3.5797 3.57971 0.196492 0.128544 0.13236 -0.707104 0.70711 0.000178
-1.93747 4.67747 -2.05261 0.317476 0.166788 -0.382105 0.923011 -0.045232
-3.57999 3.57998 -2.05261 0.22485 0.228771 -0.706238 0.706528 -0.04523
-4.67711 1.93732 0.196492 0.037045 0.269193 -0.923878 0.382686 0.000177
-3.5797 3.57971 0.196492 0.128544 0.13236 -0.707104 0.70711 0.000178
-4.67747 1.93747 -2.05261 0.16295 0.321439 -0.922856 0.382481 -0.045231
-4.67711 1.93732 0.196492 0.037045 0.269193 -0.923878 0.382686 0.000177
-3.57999 3.57998 -2.05261 0.22485 0.228771 -0.706238 0.706528 -0.04523
-4.67747 1.93747 -2.05261 0.16295 0.321439 -0.922856 0.382481 -0.045231
-5.06246 2e-006 0.196492 0.004897 0.430645 -0.980785 0.19509 0.000173
-4.67711 1.93732 0.196492 0.037045 0.269193 -0.923878 0.382686 0.000177
-5.06286 2e-006 -2.05261 0.141226 0.430733 -0.9798 0.194896 -0.044802
-5.06246 2e-006 0.196492 0.004897 0.430645 -0.980785 0.19509 0.000173
-4.67747 1.93747 -2.05261 0.16295 0.321439 -0.922856 0.382481 -0.045231
-5.06286 2e-006 -2.05261 0.141226 0.430733 -0.979839 -0.194902 -0.043925
-4.67711 -1.93732 0.196492 0.036993 0.592107 -0.92388 -0.382681 0.000176
-5.06246 2e-006 0.196492 0.004897 0.430645 -0.980785 -0.195091 0.000173
-4.67747 -1.93747 -2.05261 0.162991 0.540045 -0.923012 -0.382102 -0.04523
-4.67711 -1.93732 0.196492 0.036993 0.592107 -0.92388 -0.382681 0.000176
-5.06286 2e-006 -2.05261 0.141226 0.430733 -0.979839 -0.194902 -0.043925
-4.67747 -1.93747 -2.05261 0.162991 0.540045 -0.923012 -0.382102 -0.04523
-3.5797 -3.5797 0.196491 0.128431 0.72901 -0.70711 -0.707104 0.000178
-4.67711 -1.93732 0.196492 0.036993 0.592107 -0.92388 -0.382681 0.000176
-3.57999 -3.57998 -2.05261 0.224912 0.632772 -0.706529 -0.706238 -0.045231
-3.5797 -3.5797 0.196491 0.128431 0.72901 -0.70711 -0.707104 0.000178
-4.67747 -1.93747 -2.05261 0.162991 0.540045 -0.923012 -0.382102 -0.04523
-3.57999 -3.57998 -2.05261 0.224912 0.632772 -0.706529 -0.706238 -0.045231
-1.93732 -4.67711 0.196491 0.265282 0.820559 -0.382687 -0.923878 0.000176
-3.5797 -3.5797 0.196491 0.128431 0.72901 -0.70711 -0.707104 0.000178
-1.93747 -4.67747 -2.05261 0.317534 0.694847 -0.38248 -0.922856 -0.045231
-1.93732 -4.67711 0.196491 0.265282 0.820559 -0.382687 -0.923878 0.000176
-3.57999 -3.57998 -2.05261 0.224912 0.632772 -0.706529 -0.706238 -0.045231
-1.93747 -4.67747 -2.05261 0.317534 0.694847 -0.38248 -0.922856 -0.045231
0 -5.06246 0.196492 0.42681 0.852856 -0.19509 -0.980785 0.000173
-1.93732 -4.67711 0.196491 0.265282 0.820559 -0.382687 -0.923878 0.000176
0 -5.06286 -2.05261 0.42681 0.716745 -0.194894 -0.9798 -0.044802
0 -5.06246 0.196492 0.42681 0.852856 -0.19509 -0.980785 0.000173
-1.93747 -4.67747 -2.05261 0.317534 0.694847 -0.38248 -0.922856 -0.045231
-1.56308 3.77363 -2.96722 0.344222 0.231379 -0.196048 0.473303 -0.858807
-3.4948 3.4948 -2.29918 0.235119 0.239032 -0.495215 0.488369 -0.718511
-1.89137 4.56617 -2.29918 0.323044 0.180223 -0.264498 0.639764 -0.721625
-2.88821 2.88821 -2.96722 0.274235 0.278172 -0.367361 0.357457 -0.858645
-3.4948 3.4948 -2.29918 0.235119 0.239032 -0.495215 0.488369 -0.718511
-1.56308 3.77363 -2.96722 0.344222 0.231379 -0.196048 0.473303 -0.858807
-2.88821 2.88821 -2.96722 0.274235 0.278172 -0.367361 0.357457 -0.858645
-4.56617 1.89137 -2.29918 0.176364 0.326989 -0.644411 0.261684 -0.718509
-3.4948 3.4948 -2.29918 0.235119 0.239032 -0.495215 0.488369 -0.718511
-3.77362 1.56309 -2.96722 0.227481 0.348194 -0.47619 0.189665 -0.858644
-4.56617 1.89137 -2.29918 0.176364 0.326989 -0.644411 0.261684 -0.718509
-2.88821 2.88821 -2.96722 0.274235 0.278172 -0.367361 0.357457 -0.858645
-3.77362 1.56309 -2.96722 0.227481 0.348194 -0.47619 0.189665 -0.858644
-4.94239 2e-006 -2.29918 0.155744 0.430735 -0.6955 -0.00484 -0.71851
-4.56617 1.89137 -2.29918 0.176364 0.326989 -0.644411 0.261684 -0.718509
-4.08454 2e-006 -2.96722 0.211084 0.430822 -0.512524 -0.007003 -0.858644
-4.94239 2e-006 -2.29918 0.155744 0.430735 -0.6955 -0.00484 -0.71851
-3.77362 1.56309 -2.96722 0.227481 0.348194 -0.47619 0.189665 -0.858644
-4.08454 2e-006 -2.96722 0.211084 0.430822 -0.512524 -0.007003 -0.858644
-4.56617 -1.89137 -2.29918 0.176402 0.534504 -0.640707 -0.270628 -0.718509
-4.94239 2e-006 -2.29918 0.155744 0.430735 -0.6955 -0.00484 -0.71851
-3.77362 -1.56308 -2.96722 0.227511 0.513522 -0.47083 -0.202604 -0.858645
-4.56617 -1.89137 -2.29918 0.176402 0.534504 -0.640707 -0.270628 -0.718509
-4.08454 2e-006 -2.96722 0.211084 0.430822 -0.512524 -0.007003 -0.858644
-3.77362 -1.56308 -2.96722 0.227511 0.513522 -0.47083 -0.202604 -0.858645
-3.4948 -3.4948 -2.29918 0.23517 0.62255 -0.488369 -0.495214 -0.718511
-4.56617 -1.89137 -2.29918 0.176402 0.534504 -0.640707 -0.270628 -0.718509
-2.88821 -2.88821 -2.96722 0.274249 0.583849 -0.357457 -0.367361 -0.858644
-3.4948 -3.4948 -2.29918 0.23517 0.62255 -0.488369 -0.495214 -0.718511
-3.77362 -1.56308 -2.96722 0.227511 0.513522 -0.47083 -0.202604 -0.858645
-2.88821 -2.88821 -2.96722 0.274249 0.583849 -0.357457 -0.367361 -0.858644
-1.89137 -4.56617 -2.29918 0.323082 0.681541 -0.261685 -0.644411 -0.718509
-3.4948 -3.4948 -2.29918 0.23517 0.62255 -0.488369 -0.495214 -0.718511
-1.56309 -3.77363 -2.96722 0.344204 0.631361 -0.189665 -0.476191 -0.858644
-1.89137 -4.56617 -2.29918 0.323082 0.681541 -0.261685 -0.644411 -0.718509
-2.88821 -2.88821 -2.96722 0.274249 0.583849 -0.357457 -0.367361 -0.858644
-1.56309 -3.77363 -2.96722 0.344204 0.631361 -0.189665 -0.476191 -0.858644
0 -4.94239 -2.29918 0.42681 0.702451 -0.137847 -0.693004 -0.707633
-1.89137 -4.56617 -2.29918 0.323082 0.681541 -0.261685 -0.644411 -0.718509
0 -4.08454 -2.96722 0.42681 0.648277 -0.101477 -0.510161 -0.854072
0 -4.94239 -2.29918 0.42681 0.702451 -0.137847 -0.693004 -0.707633
-1.56309 -3.77363 -2.96722 0.344204 0.631361 -0.189665 -0.476191 -0.858644
-1.03554 2.50001 -3.56788 0.373125 0.301269 -0.152861 0.36904 -0.916757
-2.88821 2.88821 -2.96722 0.274235 0.278172 -0.367361 0.357457 -0.858645
-1.56308 3.77363 -2.96722 0.344222 0.231379 -0.196048 0.473303 -0.858807
-1.91342 1.91342 -3.56788 0.327649 0.331709 -0.289008 0.275869 -0.916717
-2.88821 2.88821 -2.96722 0.274235 0.278172 -0.367361 0.357457 -0.858645
-1.03554 2.50001 -3.56788 0.373125 0.301269 -0.152861 0.36904 -0.916757
-1.91342 1.91342 -3.56788 0.327649 0.331709 -0.289008 0.275869 -0.916717
-3.77362 1.56309 -2.96722 0.227481 0.348194 -0.47619 0.189665 -0.858644
-2.88821 2.88821 -2.96722 0.274235 0.278172 -0.367361 0.357457 -0.858645
-2.5 1.03554 -3.56788 0.29728 0.377293 -0.372579 0.14427 -0.916717
-3.77362 1.56309 -2.96722 0.227481 0.348194 -0.47619 0.189665 -0.858644
-1.91342 1.91342 -3.56788 0.327649 0.331709 -0.289008 0.275869 -0.916717
-2.5 1.03554 -3.56788 0.29728 0.377293 -0.372579 0.14427 -0.916717
-4.08454 2e-006 -2.96722 0.211084 0.430822 -0.512524 -0.007003 -0.858644
-3.77362 1.56309 -2.96722 0.227481 0.348194 -0.47619 0.189665 -0.858644
-2.70599 1e-006 -3.56788 0.286612 0.431109 -0.399428 -0.009291 -0.916717
-4.08454 2e-006 -2.96722 0.211084 0.430822 -0.512524 -0.007003 -0.858644
-2.5 1.03554 -3.56788 0.29728 0.377293 -0.372579 0.14427 -0.916717
-2.70599 1e-006 -3.56788 0.286612 0.431109 -0.399428 -0.009291 -0.916717
-3.77362 -1.56308 -2.96722 0.227511 0.513522 -0.47083 -0.202604 -0.858645
-4.08454 2e-006 -2.96722 0.211084 0.430822 -0.512524 -0.007003 -0.858644
-2.5 -1.03553 -3.56788 0.297271 0.485181 -0.365469 -0.161438 -0.916717
-3.77362 -1.56308 -2.96722 0.227511 0.513522 -0.47083 -0.202604 -0.858645
-2.70599 1e-006 -3.56788 0.286612 0.431109 -0.399428 -0.009291 -0.916717
-2.5 -1.03553 -3.56788 0.297271 0.485181 -0.365469 -0.161438 -0.916717
-2.88821 -2.88821 -2.96722 0.274249 0.583849 -0.357457 -0.367361 -0.858644
-3.77362 -1.56308 -2.96722 0.227511 0.513522 -0.47083 -0.202604 -0.858645
-1.91342 -1.91342 -3.56788 0.327633 0.531688 -0.27587 -0.289008 -0.916717
-2.88821 -2.88821 -2.96722 0.274249 0.583849 -0.357457 -0.367361 -0.858644
-2.5 -1.03553 -3.56788 0.297271 0.485181 -0.365469 -0.161438 -0.916717
-1.91342 -1.91342 -3.56788 0.327633 0.531688 -0.27587 -0.289008 -0.916717
-1.56309 -3.77363 -2.96722 0.344204 0.631361 -0.189665 -0.476191 -0.858644
-2.88821 -2.88821 -2.96722 0.274249 0.583849 -0.357457 -0.367361 -0.858644
-1.03554 -2.50001 -3.56788 0.37297 0.563376 -0.144271 -0.37258 -0.916717
-1.56309 -3.77363 -2.96722 0.344204 0.631361 -0.189665 -0.476191 -0.858644
-1.91342 -1.91342 -3.56788 0.327633 0.531688 -0.27587 -0.289008 -0.916717
-1.03554 -2.50001 -3.56788 0.37297 0.563376 -0.144271 -0.37258 -0.916717
0 -4.08454 -2.96722 0.42681 0.648277 -0.101477 -0.510161 -0.854072
-1.56309 -3.77363 -2.96722 0.344204 0.631361 -0.189665 -0.476191 -0.858644
0 -2.70599 -3.56788 0.42681 0.576664 -0.079205 -0.398191 -0.913877
0 -4.08454 -2.96722 0.42681 0.648277 -0.101477 -0.510161 -0.854072
-1.03554 -2.50001 -3.56788 0.37297 0.563376 -0.144271 -0.37258 -0.916717
0 0 -3.57013 0.42681 0.431974 -0.000543 0 -1
-1.91342 1.91342 -3.56788 0.327649 0.331709 -0.000588 0.000588 -1
-1.03554 2.50001 -3.56788 0.373125 0.301269 -0.000318 0.000768 -1
0 0 -3.57013 0.42681 0.431974 -0.000543 0 -1
-2.5 1.03554 -3.56788 0.29728 0.377293 -0.000768 0.000318 -1
-1.91342 1.91342 -3.56788 0.327649 0.331709 -0.000588 0.000588 -1
0 0 -3.57013 0.42681 0.431974 -0.000543 0 -1
-2.70599 1e-006 -3.56788 0.286612 0.431109 -0.000831 0 -1
-2.5 1.03554 -3.56788 0.29728 0.377293 -0.000768 0.000318 -1
0 0 -3.57013 0.42681 0.431974 -0.000543 0 -1
-2.5 -1.03553 -3.56788 0.297271 0.485181 -0.000768 -0.000318 -1
-2.70599 1e-006 -3.56788 0.286612 0.431109 -0.000831 0 -1
0 0 -3.57013 0.42681 0.431974 -0.000543 0 -1
-1.91342 -1.91342 -3.56788 0.327633 0.531688 -0.000588 -0.000588 -1
-2.5 -1.03553 -3.56788 0.297271 0.485181 -0.000768 -0.000318 -1
0 0 -3.57013 0.42681 0.431974 -0.000543 0 -1
-1.03554 -2.50001 -3.56788 0.37297 0.563376 -0.000318 -0.000768 -1
-1.91342 -1.91342 -3.56788 0.327633 0.531688 -0.000588 -0.000588 -1
0 0 -3.57013 0.42681 0.431974 -0.000543 0 -1
0 -2.70599 -3.56788 0.42681 0.576664 -0.000165 -0.000831 -1
-1.03554 -2.50001 -3.56788 0.37297 0.563376 -0.000318 -0.000768 -1
0 -4.7337 3.57013 0.875289 0.864148 -0 -0 1
-1.93732 -4.67711 3.57013 0.918491 0.86303 -0 -0 1
0 -5.06246 3.57013 0.875289 0.871543 0 0 1
0 -4.7337 3.57013 0.875289 0.864148 -0 -0 1
0 1e-006 3.57013 0.875289 0.758597 0 -0 1
-1.93732 -4.67711 3.57013 0.918491 0.86303 -0 -0 1
0 1e-006 3.57013 0.875289 0.758597 0 -0 1
-3.5797 -3.5797 3.57013 0.955145 0.838612 0 -0 1
-1.93732 -4.67711 3.57013 0.918491 0.86303 -0 -0 1
0 1e-006 3.57013 0.875289 0.758597 0 -0 1
-4.67711 -1.93732 3.57013 0.979676 0.802 0 -0 1
-3.5797 -3.5797 3.57013 0.955145 0.838612 0 -0 1
0 1e-006 3.57013 0.875289 0.758597 0 -0 1
-5.06246 2e-006 3.57013 0.988359 0.758752 0 0 1
-4.67711 -1.93732 3.57013 0.979676 0.802 0 -0 1
0 1e-006 3.57013 0.875289 0.758597 0 -0 1
-4.67711 1.93732 3.57013 0.979823 0.715442 -0 0 1
-5.06246 2e-006 3.57013 0.988359 0.758752 0 0 1
0 1e-006 3.57013 0.875289 0.758597 0 -0 1
-3.5797 3.57971 3.57013 0.955339 0.678703 0 0 1
-4.67711 1.93732 3.57013 0.979823 0.715442 -0 0 1
0 1e-006 3.57013 0.875289 0.758597 0 -0 1
-1.93732 4.67711 3.57013 0.918615 0.654115 0 0 1
-3.5797 3.57971 3.57013 0.955339 0.678703 0 0 1
0 1e-006 3.57013 0.875289 0.758597 0 -0 1
0 5.06246 3.57013 0.87529 0.64548 0 0 1
-1.93732 4.67711 3.57013 0.918615 0.654115 0 0 1
0 -5.06246 3.57013 0.439029 0.990499 -0.19509 -0.980785 -0
-1.93732 -4.67711 0.196491 0.378402 0.886707 -0.382684 -0.923879 -0
0 -5.06246 0.196492 0.439033 0.886661 -0.19509 -0.980785 -0
-1.93732 -4.67711 3.57013 0.378399 0.990451 -0.382683 -0.92388 -0
-1.93732 -4.67711 0.196491 0.378402 0.886707 -0.382684 -0.923879 -0
0 -5.06246 3.57013 0.439029 0.990499 -0.19509 -0.980785 -0
-1.93732 -4.67711 3.57013 0.378399 0.990451 -0.382683 -0.92388 -0
-3.5797 -3.5797 0.196491 0.317861 0.886669 -0.707108 -0.707106 -0
-1.93732 -4.67711 0.196491 0.378402 0.886707 -0.382684 -0.923879 -0
-3.5797 -3.5797 3.57013 0.317835 0.990484 -0.707107 -0.707107 -0
-3.5797 -3.5797 0.196491 0.317861 0.886669 -0.707108 -0.707106 -0
-1.93732 -4.67711 3.57013 0.378399 0.990451 -0.382683 -0.92388 -0
-3.5797 -3.5797 3.57013 0.317835 0.990484 -0.707107 -0.707107 -0
-4.67711 -1.93732 0.196492 0.257171 0.886634 -0.92388 -0.382682 -0
-3.5797 -3.5797 0.196491 0.317861 0.886669 -0.707108 -0.707106 -0
-4.67711 -1.93732 3.57013 0.257193 0.990499 -0.92388 -0.382683 -0
-4.67711 -1.93732 0.196492 0.257171 0.886634 -0.92388 -0.382682 -0
-3.5797 -3.5797 3.57013 0.317835 0.990484 -0.707107 -0.707107 -0
-4.67711 -1.93732 3.57013 0.257193 0.990499 -0.92388 -0.382683 -0
-5.06246 2e-006 0.196492 0.196561 0.886699 -1 0 -0
-4.67711 -1.93732 0.196492 0.257171 0.886634 -0.92388 -0.382682 -0
-5.06246 2e-006 3.57013 0.196542 0.990435 -1 0 -0
-5.06246 2e-006 0.196492 0.196561 0.886699 -1 0 -0
-4.67711 -1.93732 3.57013 0.257193 0.990499 -0.92388 -0.382683 -0
-5.06246 2e-006 3.57013 0.196542 0.990435 -1 0 -0
-4.67711 1.93732 0.196492 0.13595 0.886757 -0.923879 0.382684 -0
-5.06246 2e-006 0.196492 0.196561 0.886699 -1 0 -0
-4.67711 1.93732 3.57013 0.135971 0.99039 -0.92388 0.382683 -0
-4.67711 1.93732 0.196492 0.13595 0.886757 -0.923879 0.382684 -0
-5.06246 2e-006 3.57013 0.196542 0.990435 -1 0 -0
-4.67711 1.93732 3.57013 0.135971 0.99039 -0.92388 0.382683 -0
-3.5797 3.57971 0.196492 0.075408 0.886758 -0.707106 0.707107 -0
-4.67711 1.93732 0.196492 0.13595 0.886757 -0.923879 0.382684 -0
-3.5797 3.57971 3.57013 0.075388 0.990392 -0.707106 0.707107 -0
-3.5797 3.57971 0.196492 0.075408 0.886758 -0.707106 0.707107 -0
-4.67711 1.93732 3.57013 0.135971 0.99039 -0.92388 0.382683 -0
-3.5797 3.57971 3.57013 0.075388 0.990392 -0.707106 0.707107 -0
-1.93732 4.67711 0.196492 0.014841 0.886709 -0.55557 0.83147 -0
-3.5797 3.57971 0.196492 0.075408 0.886758 -0.707106 0.707107 -0
-1.93732 4.67711 3.57013 0.014839 0.990437 -0.555569 0.83147 -0
-1.93732 4.67711 0.196492 0.014841 0.886709 -0.55557 0.83147 -0
-3.5797 3.57971 3.57013 0.075388 0.990392 -0.707106 0.707107 -0
-1.93732 4.67711 3.57013 0.984533 0.990465 -0.19509 0.980785 -0
0 5.06246 0.196492 0.923972 0.886781 -0.19509 0.980785 -0
-1.93732 4.67711 0.196492 0.984533 0.886737 -0.19509 0.980785 -0
0 5.06246 3.57013 0.92398 0.990414 -0.19509 0.980785 -0
0 5.06246 0.196492 0.923972 0.886781 -0.19509 0.980785 -0
-1.93732 4.67711 3.57013 0.984533 0.990465 -0.19509 0.980785 -0
-3.4948 3.4948 -2.29918 0.235119 0.239032 -0.495215 0.488369 -0.718511
-1.93747 4.67747 -2.05261 0.317476 0.166788 -0.382105 0.923011 -0.045232
-1.89137 4.56617 -2.29918 0.323044 0.180223 -0.264498 0.639764 -0.721625
-3.57999 3.57998 -2.05261 0.22485 0.228771 -0.706238 0.706528 -0.04523
-1.93747 4.67747 -2.05261 0.317476 0.166788 -0.382105 0.923011 -0.045232
-3.4948 3.4948 -2.29918 0.235119 0.239032 -0.495215 0.488369 -0.718511
-4.56617 1.89137 -2.29918 0.176364 0.326989 -0.644411 0.261684 -0.718509
-3.57999 3.57998 -2.05261 0.22485 0.228771 -0.706238 0.706528 -0.04523
-3.4948 3.4948 -2.29918 0.235119 0.239032 -0.495215 0.488369 -0.718511
-4.67747 1.93747 -2.05261 0.16295 0.321439 -0.922856 0.382481 -0.045231
-3.57999 3.57998 -2.05261 0.22485 0.228771 -0.706238 0.706528 -0.04523
-4.56617 1.89137 -2.29918 0.176364 0.326989 -0.644411 0.261684 -0.718509
-4.94239 2e-006 -2.29918 0.155744 0.430735 -0.6955 -0.00484 -0.71851
-4.67747 1.93747 -2.05261 0.16295 0.321439 -0.922856 0.382481 -0.045231
-4.56617 1.89137 -2.29918 0.176364 0.326989 -0.644411 0.261684 -0.718509
-5.06286 2e-006 -2.05261 0.141226 0.430733 -0.9798 0.194896 -0.044802
-4.67747 1.93747 -2.05261 0.16295 0.321439 -0.922856 0.382481 -0.045231
-4.94239 2e-006 -2.29918 0.155744 0.430735 -0.6955 -0.00484 -0.71851
-4.56617 -1.89137 -2.29918 0.176402 0.534504 -0.640707 -0.270628 -0.718509
-5.06286 2e-006 -2.05261 0.141226 0.430733 -0.979839 -0.194902 -0.043925
-4.94239 2e-006 -2.29918 0.155744 0.430735 -0.6955 -0.00484 -0.71851
-4.67747 -1.93747 -2.05261 0.162991 0.540045 -0.923012 -0.382102 -0.04523
-5.06286 2e-006 -2.05261 0.141226 0.430733 -0.979839 -0.194902 -0.043925
-4.56617 -1.89137 -2.29918 0.176402 0.534504 -0.640707 -0.270628 -0.718509
-3.4948 -3.4948 -2.29918 0.23517 0.62255 -0.488369 -0.495214 -0.718511
-4.67747 -1.93747 -2.05261 0.162991 0.540045 -0.923012 -0.382102 -0.04523
-4.56617 -1.89137 -2.29918 0.176402 0.534504 -0.640707 -0.270628 -0.718509
-3.57999 -3.57998 -2.05261 0.224912 0.632772 -0.706529 -0.706238 -0.045231
-4.67747 -1.93747 -2.05261 0.162991 0.540045 -0.923012 -0.382102 -0.04523
-3.4948 -3.4948 -2.29918 0.23517 0.62255 -0.488369 -0.495214 -0.718511
-1.89137 -4.56617 -2.29918 0.323082 0.681541 -0.261685 -0.644411 -0.718509
-3.57999 -3.57998 -2.05261 0.224912 0.632772 -0.706529 -0.706238 -0.045231
-3.4948 -3.4948 -2.29918 0.23517 0.62255 -0.488369 -0.495214 -0.718511
-1.93747 -4.67747 -2.05261 0.317534 0.694847 -0.38248 -0.922856 -0.045231
-3.57999 -3.57998 -2.05261 0.224912 0.632772 -0.706529 -0.706238 -0.045231
-1.89137 -4.56617 -2.29918 0.323082 0.681541 -0.261685 -0.644411 -0.718509
0 -4.94239 -2.29918 0.42681 0.702451 -0.137847 -0.693004 -0.707633
-1.93747 -4.67747 -2.05261 0.317534 0.694847 -0.38248 -0.922856 -0.045231
-1.89137 -4.56617 -2.29918 0.323082 0.681541 -0.261685 -0.644411 -0.718509
0 -5.06286 -2.05261 0.42681 0.716745 -0.194894 -0.9798 -0.044802
-1.93747 -4.67747 -2.05261 0.317534 0.694847 -0.38248 -0.922856 -0.045231
0 -4.94239 -2.29918 0.42681 0.702451 -0.137847 -0.693004 -0.707633
-1.93747 4.67747 -2.05261 0.317476 0.166788 -0.382105 0.923011 -0.045232
0 5.06246 0.196492 0.42681 0.00872302 -0.195089 0.980785 0.000173
0 5.06286 -2.05261 0.42681 0.145187 -0.194901 0.979839 -0.043923
-1.93732 4.67711 0.196492 0.265399 0.041028 -0.19509 0.980785 0.000173
0 5.06246 0.196492 0.42681 0.00872302 -0.195089 0.980785 0.000173
-1.93747 4.67747 -2.05261 0.317476 0.166788 -0.382105 0.923011 -0.045232
-1.56308 3.77363 -2.96722 0.344222 0.231379 -0.196048 0.473303 -0.858807
0 4.94239 -2.29918 0.42681 0.159698 -0.137585 0.691689 -0.708969
0 4.08454 -2.96722 0.42681 0.215009 -0.101477 0.510162 -0.854071
-1.89137 4.56617 -2.29918 0.323044 0.180223 -0.264498 0.639764 -0.721625
0 4.94239 -2.29918 0.42681 0.159698 -0.137585 0.691689 -0.708969
-1.56308 3.77363 -2.96722 0.344222 0.231379 -0.196048 0.473303 -0.858807
-1.03554 2.50001 -3.56788 0.373125 0.301269 -0.152861 0.36904 -0.916757
0 4.08454 -2.96722 0.42681 0.215009 -0.101477 0.510162 -0.854071
0 2.70599 -3.56788 0.42681 0.290648 -0.079204 0.39819 -0.913877
-1.56308 3.77363 -2.96722 0.344222 0.231379 -0.196048 0.473303 -0.858807
0 4.08454 -2.96722 0.42681 0.215009 -0.101477 0.510162 -0.854071
-1.03554 2.50001 -3.56788 0.373125 0.301269 -0.152861 0.36904 -0.916757
-1.03554 2.50001 -3.56788 0.373125 0.301269 -0.000318 0.000768 -1
0 2.70599 -3.56788 0.42681 0.290648 -0.000165 0.000831 -1
0 0 -3.57013 0.42681 0.431974 -0.000543 0 -1
-1.89137 4.56617 -2.29918 0.323044 0.180223 -0.264498 0.639764 -0.721625
0 5.06286 -2.05261 0.42681 0.145187 -0.194901 0.979839 -0.043923
0 4.94239 -2.29918 0.42681 0.159698 -0.137585 0.691689 -0.708969
-1.93747 4.67747 -2.05261 0.317476 0.166788 -0.382105 0.923011 -0.045232
0 5.06286 -2.05261 0.42681 0.145187 -0.194901 0.979839 -0.043923
-1.89137 4.56617 -2.29918 0.323044 0.180223 -0.264498 0.639764 -0.721625
3.5797 3.57971 0.196492 0.725075 0.13236 0.707103 0.707111 0.000175
1.93746 4.67747 -2.05261 0.536143 0.166787 0.382105 0.923011 -0.045232
1.93732 4.67711 0.196492 0.58822 0.041028 0.55557 0.83147 0.00017
3.57998 3.57998 -2.05261 0.628769 0.228772 0.706237 0.706529 -0.045233
1.93746 4.67747 -2.05261 0.536143 0.166787 0.382105 0.923011 -0.045232
3.5797 3.57971 0.196492 0.725075 0.13236 0.707103 0.707111 0.000175
4.67711 1.93732 0.196492 0.816574 0.269193 0.923878 0.382687 0.000175
3.57998 3.57998 -2.05261 0.628769 0.228772 0.706237 0.706529 -0.045233
3.5797 3.57971 0.196492 0.725075 0.13236 0.707103 0.707111 0.000175
4.67747 1.93747 -2.05261 0.690669 0.321439 0.922856 0.38248 -0.045232
3.57998 3.57998 -2.05261 0.628769 0.228772 0.706237 0.706529 -0.045233
4.67711 1.93732 0.196492 0.816574 0.269193 0.923878 0.382687 0.000175
5.06246 2e-006 0.196492 0.848723 0.430645 0.980785 0.19509 0.000172
4.67747 1.93747 -2.05261 0.690669 0.321439 0.922856 0.38248 -0.045232
4.67711 1.93732 0.196492 0.816574 0.269193 0.923878 0.382687 0.000175
5.06286 2e-006 -2.05261 0.712394 0.430733 0.9798 0.194894 -0.044802
4.67747 1.93747 -2.05261 0.690669 0.321439 0.922856 0.38248 -0.045232
5.06246 2e-006 0.196492 0.848723 0.430645 0.980785 0.19509 0.000172
4.67711 -1.93732 0.196492 0.816627 0.592107 0.92388 -0.382681 0.000175
5.06286 2e-006 -2.05261 0.712394 0.430733 0.979838 -0.194902 -0.043926
5.06246 2e-006 0.196492 0.848723 0.430645 0.980787 -0.195084 0.000173
4.67747 -1.93747 -2.05261 0.690628 0.540045 0.923011 -0.382105 -0.04523
5.06286 2e-006 -2.05261 0.712394 0.430733 0.979838 -0.194902 -0.043926
4.67711 -1.93732 0.196492 0.816627 0.592107 0.92388 -0.382681 0.000175
3.5797 -3.5797 0.196491 0.725188 0.729009 0.707111 -0.707103 0.000177
4.67747 -1.93747 -2.05261 0.690628 0.540045 0.923011 -0.382105 -0.04523
4.67711 -1.93732 0.196492 0.816627 0.592107 0.92388 -0.382681 0.000175
3.57998 -3.57998 -2.05261 0.628707 0.632772 0.70653 -0.706236 -0.045233
4.67747 -1.93747 -2.05261 0.690628 0.540045 0.923011 -0.382105 -0.04523
3.5797 -3.5797 0.196491 0.725188 0.729009 0.707111 -0.707103 0.000177
1.93732 -4.67711 0.196491 0.588337 0.820559 0.382687 -0.923878 0.000176
3.57998 -3.57998 -2.05261 0.628707 0.632772 0.70653 -0.706236 -0.045233
3.5797 -3.5797 0.196491 0.725188 0.729009 0.707111 -0.707103 0.000177
1.93746 -4.67747 -2.05261 0.536085 0.694847 0.382479 -0.922856 -0.045231
3.57998 -3.57998 -2.05261 0.628707 0.632772 0.70653 -0.706236 -0.045233
1.93732 -4.67711 0.196491 0.588337 0.820559 0.382687 -0.923878 0.000176
0 -5.06246 0.196492 0.42681 0.852856 0.19509 -0.980785 0.000172
1.93746 -4.67747 -2.05261 0.536085 0.694847 0.382479 -0.922856 -0.045231
1.93732 -4.67711 0.196491 0.588337 0.820559 0.382687 -0.923878 0.000176
0 -5.06286 -2.05261 0.42681 0.716745 0.194895 -0.9798 -0.044802
1.93746 -4.67747 -2.05261 0.536085 0.694847 0.382479 -0.922856 -0.045231
0 -5.06246 0.196492 0.42681 0.852856 0.19509 -0.980785 0.000172
3.49479 3.4948 -2.29918 0.6185 0.239031 0.495214 0.488371 -0.71851
1.56308 3.77363 -2.96722 0.509397 0.231379 0.196049 0.473303 -0.858807
1.89137 4.56617 -2.29918 0.530575 0.180223 0.2645 0.639765 -0.721623
2.88821 2.88821 -2.96722 0.579385 0.278172 0.367361 0.357458 -0.858644
1.56308 3.77363 -2.96722 0.509397 0.231379 0.196049 0.473303 -0.858807
3.49479 3.4948 -2.29918 0.6185 0.239031 0.495214 0.488371 -0.71851
4.56617 1.89137 -2.29918 0.677255 0.32699 0.644412 0.261686 -0.718508
2.88821 2.88821 -2.96722 0.579385 0.278172 0.367361 0.357458 -0.858644
3.49479 3.4948 -2.29918 0.6185 0.239031 0.495214 0.488371 -0.71851
3.77362 1.56309 -2.96722 0.626138 0.348194 0.47619 0.189665 -0.858644
2.88821 2.88821 -2.96722 0.579385 0.278172 0.367361 0.357458 -0.858644
4.56617 1.89137 -2.29918 0.677255 0.32699 0.644412 0.261686 -0.718508
4.94239 2e-006 -2.29918 0.697875 0.430735 0.6955 -0.00484 -0.71851
3.77362 1.56309 -2.96722 0.626138 0.348194 0.47619 0.189665 -0.858644
4.56617 1.89137 -2.29918 0.677255 0.32699 0.644412 0.261686 -0.718508
4.08454 2e-006 -2.96722 0.642535 0.430822 0.512524 -0.007003 -0.858644
3.77362 1.56309 -2.96722 0.626138 0.348194 0.47619 0.189665 -0.858644
4.94239 2e-006 -2.29918 0.697875 0.430735 0.6955 -0.00484 -0.71851
4.56617 -1.89137 -2.29918 0.677217 0.534504 0.640707 -0.27063 -0.718508
4.08454 2e-006 -2.96722 0.642535 0.430822 0.512524 -0.007003 -0.858644
4.94239 2e-006 -2.29918 0.697875 0.430735 0.6955 -0.00484 -0.71851
3.77362 -1.56308 -2.96722 0.626108 0.513522 0.47083 -0.202605 -0.858645
4.08454 2e-006 -2.96722 0.642535 0.430822 0.512524 -0.007003 -0.858644
4.56617 -1.89137 -2.29918 0.677217 0.534504 0.640707 -0.27063 -0.718508
3.49479 -3.4948 -2.29918 0.618449 0.62255 0.488369 -0.495214 -0.718511
3.77362 -1.56308 -2.96722 0.626108 0.513522 0.47083 -0.202605 -0.858645
4.56617 -1.89137 -2.29918 0.677217 0.534504 0.640707 -0.27063 -0.718508
2.88821 -2.88821 -2.96722 0.57937 0.583849 0.357458 -0.367361 -0.858644
3.77362 -1.56308 -2.96722 0.626108 0.513522 0.47083 -0.202605 -0.858645
3.49479 -3.4948 -2.29918 0.618449 0.62255 0.488369 -0.495214 -0.718511
1.89137 -4.56617 -2.29918 0.530537 0.681541 0.261686 -0.644412 -0.718508
2.88821 -2.88821 -2.96722 0.57937 0.583849 0.357458 -0.367361 -0.858644
3.49479 -3.4948 -2.29918 0.618449 0.62255 0.488369 -0.495214 -0.718511
1.56309 -3.77363 -2.96722 0.509415 0.631361 0.189665 -0.47619 -0.858644
2.88821 -2.88821 -2.96722 0.57937 0.583849 0.357458 -0.367361 -0.858644
1.89137 -4.56617 -2.29918 0.530537 0.681541 0.261686 -0.644412 -0.718508
0 -4.94239 -2.29918 0.42681 0.702451 0.137847 -0.693004 -0.707632
1.56309 -3.77363 -2.96722 0.509415 0.631361 0.189665 -0.47619 -0.858644
1.89137 -4.56617 -2.29918 0.530537 0.681541 0.261686 -0.644412 -0.718508
0 -4.08454 -2.96722 0.42681 0.648277 0.101477 -0.510161 -0.854071
1.56309 -3.77363 -2.96722 0.509415 0.631361 0.189665 -0.47619 -0.858644
0 -4.94239 -2.29918 0.42681 0.702451 0.137847 -0.693004 -0.707632
2.88821 2.88821 -2.96722 0.579385 0.278172 0.367361 0.357458 -0.858644
1.03553 2.50001 -3.56788 0.480494 0.301269 0.152861 0.36904 -0.916757
1.56308 3.77363 -2.96722 0.509397 0.231379 0.196049 0.473303 -0.858807
1.91342 1.91342 -3.56788 0.52597 0.331709 0.289008 0.275869 -0.916717
1.03553 2.50001 -3.56788 0.480494 0.301269 0.152861 0.36904 -0.916757
2.88821 2.88821 -2.96722 0.579385 0.278172 0.367361 0.357458 -0.858644
3.77362 1.56309 -2.96722 0.626138 0.348194 0.47619 0.189665 -0.858644
1.91342 1.91342 -3.56788 0.52597 0.331709 0.289008 0.275869 -0.916717
2.88821 2.88821 -2.96722 0.579385 0.278172 0.367361 0.357458 -0.858644
2.5 1.03554 -3.56788 0.556339 0.377293 0.372579 0.144271 -0.916717
1.91342 1.91342 -3.56788 0.52597 0.331709 0.289008 0.275869 -0.916717
3.77362 1.56309 -2.96722 0.626138 0.348194 0.47619 0.189665 -0.858644
4.08454 2e-006 -2.96722 0.642535 0.430822 0.512524 -0.007003 -0.858644
2.5 1.03554 -3.56788 0.556339 0.377293 0.372579 0.144271 -0.916717
3.77362 1.56309 -2.96722 0.626138 0.348194 0.47619 0.189665 -0.858644
2.70599 1e-006 -3.56788 0.567007 0.43111 0.399428 -0.00929 -0.916717
2.5 1.03554 -3.56788 0.556339 0.377293 0.372579 0.144271 -0.916717
4.08454 2e-006 -2.96722 0.642535 0.430822 0.512524 -0.007003 -0.858644
3.77362 -1.56308 -2.96722 0.626108 0.513522 0.47083 -0.202605 -0.858645
2.70599 1e-006 -3.56788 0.567007 0.43111 0.399428 -0.00929 -0.916717
4.08454 2e-006 -2.96722 0.642535 0.430822 0.512524 -0.007003 -0.858644
2.50001 -1.03553 -3.56788 0.556348 0.485181 0.365469 -0.161438 -0.916717
2.70599 1e-006 -3.56788 0.567007 0.43111 0.399428 -0.00929 -0.916717
3.77362 -1.56308 -2.96722 0.626108 0.513522 0.47083 -0.202605 -0.858645
2.88821 -2.88821 -2.96722 0.57937 0.583849 0.357458 -0.367361 -0.858644
2.50001 -1.03553 -3.56788 0.556348 0.485181 0.365469 -0.161438 -0.916717
3.77362 -1.56308 -2.96722 0.626108 0.513522 0.47083 -0.202605 -0.858645
1.91342 -1.91342 -3.56788 0.525986 0.531688 0.275869 -0.289007 -0.916717
2.50001 -1.03553 -3.56788 0.556348 0.485181 0.365469 -0.161438 -0.916717
2.88821 -2.88821 -2.96722 0.57937 0.583849 0.357458 -0.367361 -0.858644
1.56309 -3.77363 -2.96722 0.509415 0.631361 0.189665 -0.47619 -0.858644
1.91342 -1.91342 -3.56788 0.525986 0.531688 0.275869 -0.289007 -0.916717
2.88821 -2.88821 -2.96722 0.57937 0.583849 0.357458 -0.367361 -0.858644
1.03554 -2.50001 -3.56788 0.480649 0.563376 0.144271 -0.372579 -0.916718
1.91342 -1.91342 -3.56788 0.525986 0.531688 0.275869 -0.289007 -0.916717
1.56309 -3.77363 -2.96722 0.509415 0.631361 0.189665 -0.47619 -0.858644
0 -4.08454 -2.96722 0.42681 0.648277 0.101477 -0.510161 -0.854071
1.03554 -2.50001 -3.56788 0.480649 0.563376 0.144271 -0.372579 -0.916718
1.56309 -3.77363 -2.96722 0.509415 0.631361 0.189665 -0.47619 -0.858644
0 -2.70599 -3.56788 0.42681 0.576664 0.079205 -0.39819 -0.913877
1.03554 -2.50001 -3.56788 0.480649 0.563376 0.144271 -0.372579 -0.916718
0 -4.08454 -2.96722 0.42681 0.648277 0.101477 -0.510161 -0.854071
1.91342 1.91342 -3.56788 0.52597 0.331709 0.000588 0.000588 -1
0 0 -3.57013 0.42681 0.431974 0.000543 0 -1
1.03553 2.50001 -3.56788 0.480494 0.301269 0.000318 0.000768 -1
2.5 1.03554 -3.56788 0.556339 0.377293 0.000768 0.000318 -1
0 0 -3.57013 0.42681 0.431974 0.000543 0 -1
1.91342 1.91342 -3.56788 0.52597 0.331709 0.000588 0.000588 -1
2.70599 1e-006 -3.56788 0.567007 0.43111 0.000831 0 -1
0 0 -3.57013 0.42681 0.431974 0.000543 0 -1
2.5 1.03554 -3.56788 0.556339 0.377293 0.000768 0.000318 -1
2.50001 -1.03553 -3.56788 0.556348 0.485181 0.000768 -0.000318 -1
0 0 -3.57013 0.42681 0.431974 0.000543 0 -1
2.70599 1e-006 -3.56788 0.567007 0.43111 0.000831 0 -1
1.91342 -1.91342 -3.56788 0.525986 0.531688 0.000588 -0.000588 -1
0 0 -3.57013 0.42681 0.431974 0.000543 0 -1
2.50001 -1.03553 -3.56788 0.556348 0.485181 0.000768 -0.000318 -1
1.03554 -2.50001 -3.56788 0.480649 0.563376 0.000318 -0.000768 -1
0 0 -3.57013 0.42681 0.431974 0.000543 0 -1
1.91342 -1.91342 -3.56788 0.525986 0.531688 0.000588 -0.000588 -1
0 -2.70599 -3.56788 0.42681 0.576664 0.000166 -0.000831 -1
0 0 -3.57013 0.42681 0.431974 0.000543 0 -1
1.03554 -2.50001 -3.56788 0.480649 0.563376 0.000318 -0.000768 -1
1.93732 -4.67711 3.57013 0.832087 0.86303 0 -0 1
0 -4.7337 3.57013 0.875289 0.864148 0 -0 1
0 -5.06246 3.57013 0.875289 0.871543 -0 0 1
1.93732 -4.67711 3.57013 0.832087 0.86303 0 -0 1
0 1e-006 3.57013 0.875289 0.758597 0 0 1
0 -4.7337 3.57013 0.875289 0.864148 0 -0 1
3.5797 -3.5797 3.57013 0.795433 0.838612 0 -0 1
0 1e-006 3.57013 0.875289 0.758597 0 0 1
1.93732 -4.67711 3.57013 0.832087 0.86303 0 -0 1
4.67711 -1.93732 3.57013 0.770902 0.802 0 -0 1
0 1e-006 3.57013 0.875289 0.758597 0 0 1
3.5797 -3.5797 3.57013 0.795433 0.838612 0 -0 1
5.06246 2e-006 3.57013 0.762219 0.758752 0 0 1
0 1e-006 3.57013 0.875289 0.758597 0 0 1
4.67711 -1.93732 3.57013 0.770902 0.802 0 -0 1
4.67711 1.93732 3.57013 0.770756 0.715442 0 0 1
0 1e-006 3.57013 0.875289 0.758597 0 0 1
5.06246 2e-006 3.57013 0.762219 0.758752 0 0 1
3.5797 3.57971 3.57013 0.79524 0.678703 0 0 1
0 1e-006 3.57013 0.875289 0.758597 0 0 1
4.67711 1.93732 3.57013 0.770756 0.715442 0 0 1
1.93732 4.67711 3.57013 0.831963 0.654115 0 0 1
0 1e-006 3.57013 0.875289 0.758597 0 0 1
3.5797 3.57971 3.57013 0.79524 0.678703 0 0 1
0 5.06246 3.57013 0.87529 0.64548 0 0 1
0 1e-006 3.57013 0.875289 0.758597 0 0 1
1.93732 4.67711 3.57013 0.831963 0.654115 0 0 1
1.93732 -4.67711 0.196491 0.499689 0.886648 0.382684 -0.923879 -0
0 -5.06246 3.57013 0.439029 0.990499 0.195091 -0.980785 -0
0 -5.06246 0.196492 0.439033 0.886661 0.195091 -0.980785 -0
1.93732 -4.67711 3.57013 0.499684 0.990522 0.382684 -0.923879 -0
0 -5.06246 3.57013 0.439029 0.990499 0.195091 -0.980785 -0
1.93732 -4.67711 0.196491 0.499689 0.886648 0.382684 -0.923879 -0
3.5797 -3.5797 0.196491 0.560347 0.886675 0.707107 -0.707106 -0
1.93732 -4.67711 3.57013 0.499684 0.990522 0.382684 -0.923879 -0
1.93732 -4.67711 0.196491 0.499689 0.886648 0.382684 -0.923879 -0
3.5797 -3.5797 3.57013 0.560338 0.990512 0.707106 -0.707107 -0
1.93732 -4.67711 3.57013 0.499684 0.990522 0.382684 -0.923879 -0
3.5797 -3.5797 0.196491 0.560347 0.886675 0.707107 -0.707106 -0
4.67711 -1.93732 0.196492 0.620978 0.88672 0.92388 -0.382683 -0
3.5797 -3.5797 3.57013 0.560338 0.990512 0.707106 -0.707107 -0
3.5797 -3.5797 0.196491 0.560347 0.886675 0.707107 -0.707106 -0
4.67711 -1.93732 3.57013 0.620969 0.990464 0.923879 -0.382685 -0
3.5797 -3.5797 3.57013 0.560338 0.990512 0.707106 -0.707107 -0
4.67711 -1.93732 0.196492 0.620978 0.88672 0.92388 -0.382683 -0
5.06246 2e-006 0.196492 0.681519 0.886688 1 -0 -0
4.67711 -1.93732 3.57013 0.620969 0.990464 0.923879 -0.382685 -0
4.67711 -1.93732 0.196492 0.620978 0.88672 0.92388 -0.382683 -0
5.06246 2e-006 3.57013 0.681533 0.990503 1 -0 -0
4.67711 -1.93732 3.57013 0.620969 0.990464 0.923879 -0.382685 -0
5.06246 2e-006 0.196492 0.681519 0.886688 1 -0 -0
4.67711 1.93732 0.196492 0.742205 0.886657 0.923879 0.382685 -0
5.06246 2e-006 3.57013 0.681533 0.990503 1 -0 -0
5.06246 2e-006 0.196492 0.681519 0.886688 1 -0 -0
4.67711 1.93732 3.57013 0.742179 0.990522 0.92388 0.382683 -0
5.06246 2e-006 3.57013 0.681533 0.990503 1 -0 -0
4.67711 1.93732 0.196492 0.742205 0.886657 0.923879 0.382685 -0
3.5797 3.57971 0.196492 0.802814 0.886731 0.707106 0.707107 -0
4.67711 1.93732 3.57013 0.742179 0.990522 0.92388 0.382683 -0
4.67711 1.93732 0.196492 0.742205 0.886657 0.923879 0.382685 -0
3.5797 3.57971 3.57013 0.802832 0.990466 0.707107 0.707106 -0
4.67711 1.93732 3.57013 0.742179 0.990522 0.92388 0.382683 -0
3.5797 3.57971 0.196492 0.802814 0.886731 0.707106 0.707107 -0
1.93732 4.67711 0.196492 0.863426 0.886787 0.55557 0.83147 -0
3.5797 3.57971 3.57013 0.802832 0.990466 0.707107 0.707106 -0
3.5797 3.57971 0.196492 0.802814 0.886731 0.707106 0.707107 -0
1.93732 4.67711 3.57013 0.863401 0.99042 0.55557 0.83147 -0
3.5797 3.57971 3.57013 0.802832 0.990466 0.707107 0.707106 -0
1.93732 4.67711 0.196492 0.863426 0.886787 0.55557 0.83147 -0
0 5.06246 0.196492 0.923972 0.886781 0.195089 0.980785 -0
1.93732 4.67711 3.57013 0.863401 0.99042 0.195089 0.980785 -0
1.93732 4.67711 0.196492 0.863426 0.886787 0.195089 0.980786 -0
0 5.06246 3.57013 0.92398 0.990414 0.19509 0.980785 -0
1.93732 4.67711 3.57013 0.863401 0.99042 0.195089 0.980785 -0
0 5.06246 0.196492 0.923972 0.886781 0.195089 0.980785 -0
1.93746 4.67747 -2.05261 0.536143 0.166787 0.382105 0.923011 -0.045232
3.49479 3.4948 -2.29918 0.6185 0.239031 0.495214 0.488371 -0.71851
1.89137 4.56617 -2.29918 0.530575 0.180223 0.2645 0.639765 -0.721623
3.57998 3.57998 -2.05261 0.628769 0.228772 0.706237 0.706529 -0.045233
3.49479 3.4948 -2.29918 0.6185 0.239031 0.495214 0.488371 -0.71851
1.93746 4.67747 -2.05261 0.536143 0.166787 0.382105 0.923011 -0.045232
3.57998 3.57998 -2.05261 0.628769 0.228772 0.706237 0.706529 -0.045233
4.56617 1.89137 -2.29918 0.677255 0.32699 0.644412 0.261686 -0.718508
3.49479 3.4948 -2.29918 0.6185 0.239031 0.495214 0.488371 -0.71851
4.67747 1.93747 -2.05261 0.690669 0.321439 0.922856 0.38248 -0.045232
4.56617 1.89137 -2.29918 0.677255 0.32699 0.644412 0.261686 -0.718508
3.57998 3.57998 -2.05261 0.628769 0.228772 0.706237 0.706529 -0.045233
4.67747 1.93747 -2.05261 0.690669 0.321439 0.922856 0.38248 -0.045232
4.94239 2e-006 -2.29918 0.697875 0.430735 0.6955 -0.00484 -0.71851
4.56617 1.89137 -2.29918 0.677255 0.32699 0.644412 0.261686 -0.718508
5.06286 2e-006 -2.05261 0.712394 0.430733 0.9798 0.194894 -0.044802
4.94239 2e-006 -2.29918 0.697875 0.430735 0.6955 -0.00484 -0.71851
4.67747 1.93747 -2.05261 0.690669 0.321439 0.922856 0.38248 -0.045232
5.06286 2e-006 -2.05261 0.712394 0.430733 0.979838 -0.194902 -0.043926
4.56617 -1.89137 -2.29918 0.677217 0.534504 0.640707 -0.27063 -0.718508
4.94239 2e-006 -2.29918 0.697875 0.430735 0.6955 -0.00484 -0.71851
4.67747 -1.93747 -2.05261 0.690628 0.540045 0.923011 -0.382105 -0.04523
4.56617 -1.89137 -2.29918 0.677217 0.534504 0.640707 -0.27063 -0.718508
5.06286 2e-006 -2.05261 0.712394 0.430733 0.979838 -0.194902 -0.043926
4.67747 -1.93747 -2.05261 0.690628 0.540045 0.923011 -0.382105 -0.04523
3.49479 -3.4948 -2.29918 0.618449 0.62255 0.488369 -0.495214 -0.718511
4.56617 -1.89137 -2.29918 0.677217 0.534504 0.640707 -0.27063 -0.718508
3.57998 -3.57998 -2.05261 0.628707 0.632772 0.70653 -0.706236 -0.045233
3.49479 -3.4948 -2.29918 0.618449 0.62255 0.488369 -0.495214 -0.718511
4.67747 -1.93747 -2.05261 0.690628 0.540045 0.923011 -0.382105 -0.04523
3.57998 -3.57998 -2.05261 0.628707 0.632772 0.70653 -0.706236 -0.045233
1.89137 -4.56617 -2.29918 0.530537 0.681541 0.261686 -0.644412 -0.718508
3.49479 -3.4948 -2.29918 0.618449 0.62255 0.488369 -0.495214 -0.718511
1.93746 -4.67747 -2.05261 0.536085 0.694847 0.382479 -0.922856 -0.045231
1.89137 -4.56617 -2.29918 0.530537 0.681541 0.261686 -0.644412 -0.718508
3.57998 -3.57998 -2.05261 0.628707 0.632772 0.70653 -0.706236 -0.045233
1.93746 -4.67747 -2.05261 0.536085 0.694847 0.382479 -0.922856 -0.045231
0 -4.94239 -2.29918 0.42681 0.702451 0.137847 -0.693004 -0.707632
1.89137 -4.56617 -2.29918 0.530537 0.681541 0.261686 -0.644412 -0.718508
0 -5.06286 -2.05261 0.42681 0.716745 0.194895 -0.9798 -0.044802
0 -4.94239 -2.29918 0.42681 0.702451 0.137847 -0.693004 -0.707632
1.93746 -4.67747 -2.05261 0.536085 0.694847 0.382479 -0.922856 -0.045231
0 5.06246 0.196492 0.42681 0.00872302 0.19509 0.980785 0.000172
1.93746 4.67747 -2.05261 0.536143 0.166787 0.382105 0.923011 -0.045232
0 5.06286 -2.05261 0.42681 0.145187 0.194902 0.979839 -0.043923
1.93732 4.67711 0.196492 0.58822 0.041028 0.195089 0.980785 0.000172
1.93746 4.67747 -2.05261 0.536143 0.166787 0.382105 0.923011 -0.045232
0 5.06246 0.196492 0.42681 0.00872302 0.19509 0.980785 0.000172
0 4.94239 -2.29918 0.42681 0.159698 0.137585 0.691689 -0.708969
1.56308 3.77363 -2.96722 0.509397 0.231379 0.196049 0.473303 -0.858807
0 4.08454 -2.96722 0.42681 0.215009 0.101477 0.510161 -0.854072
1.89137 4.56617 -2.29918 0.530575 0.180223 0.2645 0.639765 -0.721623
1.56308 3.77363 -2.96722 0.509397 0.231379 0.196049 0.473303 -0.858807
0 4.94239 -2.29918 0.42681 0.159698 0.137585 0.691689 -0.708969
0 4.08454 -2.96722 0.42681 0.215009 0.101477 0.510161 -0.854072
1.03553 2.50001 -3.56788 0.480494 0.301269 0.152861 0.36904 -0.916757
0 2.70599 -3.56788 0.42681 0.290648 0.079205 0.398191 -0.913877
1.56308 3.77363 -2.96722 0.509397 0.231379 0.196049 0.473303 -0.858807
1.03553 2.50001 -3.56788 0.480494 0.301269 0.152861 0.36904 -0.916757
0 4.08454 -2.96722 0.42681 0.215009 0.101477 0.510161 -0.854072
0 2.70599 -3.56788 0.42681 0.290648 0.000165 0.000831 -1
1.03553 2.50001 -3.56788 0.480494 0.301269 0.000318 0.000768 -1
0 0 -3.57013 0.42681 0.431974 0.000543 0 -1
0 5.06286 -2.05261 0.42681 0.145187 0.194902 0.979839 -0.043923
1.89137 4.56617 -2.29918 0.530575 0.180223 0.2645 0.639765 -0.721623
0 4.94239 -2.29918 0.42681 0.159698 0.137585 0.691689 -0.708969
1.93746 4.67747 -2.05261 0.536143 0.166787 0.382105 0.923011 -0.045232
1.89137 4.56617 -2.29918 0.530575 0.180223 0.2645 0.639765 -0.721623
0 5.06286 -2.05261 0.42681 0.145187 0.194902 0.979839 -0.043923
